Left Belt Velocity Profile:
0.0,0.050000000000000003,0.10000000000000001,0.15000000000000002,0.20000000000000001,0.25,0.30000000000000004,0.35000000000000003,0.40000000000000002,0.45000000000000001,0.5,0.55000000000000004,0.59999999999999998,0.64999999999999991,0.69999999999999996,0.75,0.80000000000000004,0.84999999999999998,0.90000000000000002,0.94999999999999996,1.0,1.0,1.0,1.0,1.0,1.0,1.0,1.0,1.0,1.0,1.0,1.0,1.0,1.0,1.0,1.0,1.0,1.0,1.0,1.0,1.0,1.0,1.0,1.0,1.0,1.0,1.0,1.0,1.0
Right Belt Velocity Profile:
0.0,0.050000000000000003,0.10000000000000001,0.15000000000000002,0.20000000000000001,0.25,0.30000000000000004,0.35000000000000003,0.40000000000000002,0.45000000000000001,0.5,0.55000000000000004,0.59999999999999998,0.64999999999999991,0.69999999999999996,0.75,0.80000000000000004,0.84999999999999998,0.90000000000000002,0.94999999999999996,1.0,1.0,1.0,1.0,1.0,1.0,1.0,1.0,1.0,1.0,1.0,1.0,1.0,1.0,1.0,1.0,1.0,1.0,1.0,1.0,1.0,1.0,1.0,1.0,1.0,1.0,1.0,1.0,1.0
Incline Angle
0
FrameNumber,Rfz,Lfz,RHS,LHS,RTO,LTO,Pause,RBSsent,LBSsent,RBSread,LBSread,incang_read
306102,0.0,22.642265,0,0,0,0,0,0,0,0,0,0
306103,0.0,25.388847,0,0,0,0,0,nan,nan,0,0,0
306104,0.0,24.290215,0,0,0,0,0,nan,nan,0,0,0
306105,0.0,22.092949,0,0,0,0,0,nan,nan,0,0,0
306106,0.0,23.191582,0,0,0,0,0,nan,nan,0,0,0
306107,0.0,23.191582,0,0,0,0,0,nan,nan,0,0,0
306108,0.0,23.740898,0,0,0,0,0,nan,nan,0,0,0
306109,0.0,24.839531,0,0,0,0,0,nan,nan,0,0,0
306110,0.0,23.191582,0,0,0,0,0,nan,nan,0,0,0
306111,0.0,24.290215,0,0,0,0,0,nan,nan,0,0,0
306112,0.0,23.191582,0,0,0,0,0,nan,nan,0,0,0
306113,0.0,23.191582,0,0,0,0,0,nan,nan,0,0,0
306114,0.0,22.642265,0,0,0,0,0,nan,nan,0,0,0
306115,0.0,24.290215,0,0,0,0,0,nan,nan,0,0,0
306116,0.0,24.290215,0,0,0,0,0,nan,nan,0,0,0
306117,0.0,23.191582,0,0,0,0,0,nan,nan,0,0,0
306118,0.0,24.290215,0,0,0,0,0,nan,nan,0,0,0
306119,0.0,23.740898,0,0,0,0,0,nan,nan,0,0,0
306120,0.0,24.290215,0,0,0,0,0,nan,nan,nan,nan,nan
306121,0.0,24.290215,0,0,0,0,0,nan,nan,nan,nan,nan
306122,0.0,23.191582,0,0,0,0,0,nan,nan,nan,nan,nan
306123,0.0,24.290215,0,0,0,0,0,nan,nan,nan,nan,nan
306124,0.0,24.839531,0,0,0,0,0,nan,nan,nan,nan,nan
306125,0.0,25.388847,0,0,0,0,0,nan,nan,nan,nan,nan
306126,0.0,22.642265,0,0,0,0,0,nan,nan,nan,nan,nan
306127,0.0,20.994316,0,0,0,0,0,nan,nan,nan,nan,nan
306128,0.0,19.895683,0,0,0,0,0,nan,nan,nan,nan,nan
306129,0.0,24.290215,0,0,0,0,0,nan,nan,nan,nan,nan
306130,0.0,24.839531,0,0,0,0,0,nan,nan,nan,nan,nan
306131,0.0,24.839531,0,0,0,0,0,nan,nan,nan,nan,nan
306132,0.0,22.092949,0,0,0,0,0,nan,nan,nan,nan,nan
306133,0.0,22.642265,0,0,0,0,0,nan,nan,nan,nan,nan
306134,0.0,23.191582,0,0,0,0,0,nan,nan,nan,nan,nan
306135,0.0,24.290215,0,0,0,0,0,nan,nan,nan,nan,nan
306136,0.0,23.191582,0,0,0,0,0,nan,nan,nan,nan,nan
306137,0.0,24.839531,0,0,0,0,0,nan,nan,nan,nan,nan
306138,0.0,23.740898,0,0,0,0,0,nan,nan,nan,nan,nan
306139,0.0,22.092949,0,0,0,0,0,nan,nan,nan,nan,nan
306140,0.0,23.191582,0,0,0,0,0,nan,nan,nan,nan,nan
306141,0.0,24.839531,0,0,0,0,0,nan,nan,nan,nan,nan
306142,0.0,24.290215,0,0,0,0,0,nan,nan,nan,nan,nan
306143,0.0,23.191582,0,0,0,0,0,nan,nan,nan,nan,nan
306144,0.0,22.642265,0,0,0,0,0,nan,nan,nan,nan,nan
306145,0.0,23.191582,0,0,0,0,0,nan,nan,nan,nan,nan
306146,0.0,22.642265,0,0,0,0,0,nan,nan,nan,nan,nan
306147,0.0,23.740898,0,0,0,0,0,nan,nan,nan,nan,nan
306148,0.0,21.543633,0,0,0,0,0,nan,nan,nan,nan,nan
306149,0.0,23.740898,0,0,0,0,0,nan,nan,nan,nan,nan
306150,0.0,22.642265,0,0,0,0,0,nan,nan,nan,nan,nan
306151,0.0,23.740898,0,0,0,0,0,nan,nan,nan,nan,nan
306152,0.0,24.839531,0,0,0,0,0,nan,nan,nan,nan,nan
306153,0.0,24.839531,0,0,0,0,0,nan,nan,nan,nan,nan
306154,0.0,23.740898,0,0,0,0,0,nan,nan,nan,nan,nan
306155,0.0,22.642265,0,0,0,0,0,nan,nan,nan,nan,nan
306156,0.0,24.290215,0,0,0,0,0,nan,nan,nan,nan,nan
306157,0.0,23.191582,0,0,0,0,0,nan,nan,nan,nan,nan
306158,0.0,22.092949,0,0,0,0,0,nan,nan,nan,nan,nan
306159,0.0,23.191582,0,0,0,0,0,nan,nan,nan,nan,nan
306160,0.0,23.740898,0,0,0,0,0,nan,nan,nan,nan,nan
306161,0.0,23.740898,0,0,0,0,0,nan,nan,nan,nan,nan
306162,0.0,24.290215,0,0,0,0,0,nan,nan,nan,nan,nan
306163,0.0,23.191582,0,0,0,0,0,nan,nan,nan,nan,nan
306164,0.0,22.092949,0,0,0,0,0,nan,nan,0,0,0
306165,0.0,22.642265,0,0,0,0,0,nan,nan,nan,nan,nan
306166,0.0,24.290215,0,0,0,0,0,nan,nan,nan,nan,nan
306167,0.0,20.994316,0,0,0,0,0,nan,nan,nan,nan,nan
306168,0.0,23.191582,0,0,0,0,0,nan,nan,nan,nan,nan
306169,0.0,23.740898,0,0,0,0,0,nan,nan,nan,nan,nan
306170,0.0,23.191582,0,0,0,0,0,nan,nan,nan,nan,nan
306171,0.0,23.191582,0,0,0,0,0,nan,nan,nan,nan,nan
306172,0.0,23.740898,0,0,0,0,0,nan,nan,nan,nan,nan
306173,0.0,23.191582,0,0,0,0,0,nan,nan,nan,nan,nan
306174,0.0,23.191582,0,0,0,0,0,nan,nan,nan,nan,nan
306175,0.0,23.740898,0,0,0,0,0,nan,nan,nan,nan,nan
306176,0.0,22.092949,0,0,0,0,0,nan,nan,nan,nan,nan
306177,0.0,22.092949,0,0,0,0,0,nan,nan,nan,nan,nan
306178,0.0,24.290215,0,0,0,0,0,nan,nan,nan,nan,nan
306179,0.0,23.740898,0,0,0,0,0,nan,nan,nan,nan,nan
306180,0.0,22.092949,0,0,0,0,0,nan,nan,0,0,0
306181,0.0,22.642265,0,0,0,0,0,nan,nan,nan,nan,nan
306182,0.0,23.740898,0,0,0,0,0,nan,nan,nan,nan,nan
306183,0.0,25.388847,0,0,0,0,0,nan,nan,nan,nan,nan
306184,0.0,23.191582,0,0,0,0,0,nan,nan,nan,nan,nan
306185,0.0,22.642265,0,0,0,0,0,nan,nan,nan,nan,nan
306186,0.0,22.642265,0,0,0,0,0,nan,nan,nan,nan,nan
306187,0.0,21.543633,0,0,0,0,0,nan,nan,nan,nan,nan
306188,0.0,23.191582,0,0,0,0,0,nan,nan,nan,nan,nan
306189,0.0,23.740898,0,0,0,0,0,nan,nan,nan,nan,nan
306190,0.0,23.191582,0,0,0,0,0,nan,nan,nan,nan,nan
306191,0.0,23.191582,0,0,0,0,0,nan,nan,nan,nan,nan
306192,0.0,22.092949,0,0,0,0,0,nan,nan,nan,nan,nan
306193,0.0,24.839531,0,0,0,0,0,nan,nan,nan,nan,nan
306194,0.0,23.740898,0,0,0,0,0,nan,nan,nan,nan,nan
306195,0.0,23.740898,0,0,0,0,0,nan,nan,0,0,0
306196,0.0,24.290215,0,0,0,0,0,nan,nan,nan,nan,nan
306197,0.0,22.092949,0,0,0,0,0,nan,nan,nan,nan,nan
306198,0.0,24.290215,0,0,0,0,0,nan,nan,nan,nan,nan
306199,0.0,23.740898,0,0,0,0,0,nan,nan,nan,nan,nan
306200,0.0,23.191582,0,0,0,0,0,nan,nan,nan,nan,nan
306201,0.0,24.290215,0,0,0,0,0,nan,nan,nan,nan,nan
306202,0.0,22.642265,0,0,0,0,0,nan,nan,nan,nan,nan
306203,0.0,21.543633,0,0,0,0,0,nan,nan,nan,nan,nan
306204,0.0,23.191582,0,0,0,0,0,nan,nan,nan,nan,nan
306205,0.0,23.740898,0,0,0,0,0,nan,nan,nan,nan,nan
306206,0.0,22.642265,0,0,0,0,0,nan,nan,nan,nan,nan
306207,0.0,22.092949,0,0,0,0,0,nan,nan,nan,nan,nan
306208,0.0,24.290215,0,0,0,0,0,nan,nan,nan,nan,nan
306209,0.0,23.191582,0,0,0,0,0,nan,nan,nan,nan,nan
306210,0.0,22.092949,0,0,0,0,0,nan,nan,nan,nan,nan
306211,0.0,22.642265,0,0,0,0,0,nan,nan,nan,nan,nan
306212,0.0,23.191582,0,0,0,0,0,nan,nan,nan,nan,nan
306213,0.0,24.290215,0,0,0,0,0,nan,nan,0,0,0
306214,0.0,23.191582,0,0,0,0,0,nan,nan,nan,nan,nan
306215,0.0,25.388847,0,0,0,0,0,nan,nan,nan,nan,nan
306216,0.0,22.642265,0,0,0,0,0,nan,nan,nan,nan,nan
306217,0.0,22.642265,0,0,0,0,0,nan,nan,nan,nan,nan
306218,0.0,23.191582,0,0,0,0,0,nan,nan,nan,nan,nan
306219,0.0,25.388847,0,0,0,0,0,nan,nan,nan,nan,nan
306220,0.0,24.839531,0,0,0,0,0,nan,nan,nan,nan,nan
306221,0.0,24.839531,0,0,0,0,0,nan,nan,nan,nan,nan
306222,0.0,21.543633,0,0,0,0,0,nan,nan,nan,nan,nan
306223,0.0,23.191582,0,0,0,0,0,nan,nan,nan,nan,nan
306224,0.0,22.642265,0,0,0,0,0,nan,nan,nan,nan,nan
306225,0.0,25.388847,0,0,0,0,0,nan,nan,nan,nan,nan
306226,0.0,23.740898,0,0,0,0,0,nan,nan,nan,nan,nan
306227,0.0,22.642265,0,0,0,0,0,nan,nan,nan,nan,nan
306228,0.0,20.994316,0,0,0,0,0,nan,nan,nan,nan,nan
306229,0.0,24.290215,0,0,0,0,0,nan,nan,nan,nan,nan
306230,0.0,24.290215,0,0,0,0,0,nan,nan,0,0,0
306231,0.0,24.290215,0,0,0,0,0,nan,nan,nan,nan,nan
306232,0.0,24.839531,0,0,0,0,0,nan,nan,nan,nan,nan
306233,0.0,23.191582,0,0,0,0,0,nan,nan,nan,nan,nan
306234,0.0,23.191582,0,0,0,0,0,nan,nan,nan,nan,nan
306235,0.0,24.290215,0,0,0,0,0,nan,nan,nan,nan,nan
306236,0.0,23.191582,0,0,0,0,0,nan,nan,nan,nan,nan
306237,0.0,24.290215,0,0,0,0,0,nan,nan,nan,nan,nan
306238,0.0,22.092949,0,0,0,0,0,nan,nan,nan,nan,nan
306239,0.0,23.191582,0,0,0,0,0,nan,nan,nan,nan,nan
306240,0.0,23.191582,0,0,0,0,0,nan,nan,nan,nan,nan
306241,0.0,23.740898,0,0,0,0,0,nan,nan,nan,nan,nan
306242,0.0,24.839531,0,0,0,0,0,nan,nan,nan,nan,nan
306243,0.0,22.092949,0,0,0,0,0,nan,nan,nan,nan,nan
306244,0.0,23.740898,0,0,0,0,0,nan,nan,0,0,0
306245,0.0,22.642265,0,0,0,0,0,nan,nan,nan,nan,nan
306246,0.0,23.191582,0,0,0,0,0,nan,nan,nan,nan,nan
306247,0.0,24.839531,0,0,0,0,0,nan,nan,nan,nan,nan
306248,0.0,23.740898,0,0,0,0,0,nan,nan,nan,nan,nan
306249,0.0,23.740898,0,0,0,0,0,nan,nan,nan,nan,nan
306250,0.0,24.839531,0,0,0,0,0,nan,nan,nan,nan,nan
306251,0.0,23.740898,0,0,0,0,0,nan,nan,nan,nan,nan
306252,0.0,23.191582,0,0,0,0,0,nan,nan,nan,nan,nan
306253,0.0,23.740898,0,0,0,0,0,nan,nan,nan,nan,nan
306254,0.0,22.642265,0,0,0,0,0,nan,nan,nan,nan,nan
306255,0.0,23.191582,0,0,0,0,0,nan,nan,nan,nan,nan
306256,0.0,24.290215,0,0,0,0,0,nan,nan,nan,nan,nan
306257,0.0,24.290215,0,0,0,0,0,nan,nan,nan,nan,nan
306258,0.0,21.543633,0,0,0,0,0,nan,nan,nan,nan,nan
306259,0.0,22.642265,0,0,0,0,0,nan,nan,nan,nan,nan
306260,0.0,22.642265,0,0,0,0,0,nan,nan,nan,nan,nan
306261,0.0,23.191582,0,0,0,0,0,nan,nan,nan,nan,nan
306262,0.0,25.938164,0,0,0,0,0,nan,nan,0,0,0
306263,0.0,23.191582,0,0,0,0,0,nan,nan,nan,nan,nan
306264,0.0,23.191582,0,0,0,0,0,nan,nan,nan,nan,nan
306265,0.0,22.092949,0,0,0,0,0,nan,nan,nan,nan,nan
306266,0.0,23.191582,0,0,0,0,0,nan,nan,nan,nan,nan
306267,0.0,23.740898,0,0,0,0,0,nan,nan,nan,nan,nan
306268,0.0,25.388847,0,0,0,0,0,nan,nan,nan,nan,nan
306269,0.0,22.642265,0,0,0,0,0,nan,nan,nan,nan,nan
306270,0.0,20.994316,0,0,0,0,0,nan,nan,nan,nan,nan
306271,0.0,23.191582,0,0,0,0,0,nan,nan,nan,nan,nan
306272,0.0,24.290215,0,0,0,0,0,nan,nan,nan,nan,nan
306273,0.0,25.388847,0,0,0,0,0,nan,nan,nan,nan,nan
306274,0.0,24.839531,0,0,0,0,0,nan,nan,nan,nan,nan
306275,0.0,22.092949,0,0,0,0,0,nan,nan,nan,nan,nan
306276,0.0,22.092949,0,0,0,0,0,nan,nan,nan,nan,nan
306277,0.0,22.092949,0,0,0,0,0,nan,nan,nan,nan,nan
306278,0.0,24.290215,0,0,0,0,0,nan,nan,nan,nan,nan
306279,0.0,24.839531,0,0,0,0,0,nan,nan,nan,nan,nan
306280,0.0,22.642265,0,0,0,0,0,nan,nan,0,0,0
306281,0.0,23.191582,0,0,0,0,0,nan,nan,nan,nan,nan
306282,0.0,20.994316,0,0,0,0,0,nan,nan,nan,nan,nan
306283,0.0,23.191582,0,0,0,0,0,nan,nan,nan,nan,nan
306284,0.0,24.290215,0,0,0,0,0,nan,nan,nan,nan,nan
306285,0.0,24.290215,0,0,0,0,0,nan,nan,nan,nan,nan
306286,0.0,22.642265,0,0,0,0,0,nan,nan,nan,nan,nan
306287,0.0,22.642265,0,0,0,0,0,nan,nan,nan,nan,nan
306288,0.0,23.740898,0,0,0,0,0,nan,nan,nan,nan,nan
306289,0.0,23.740898,0,0,0,0,0,nan,nan,nan,nan,nan
306290,0.0,23.191582,0,0,0,0,0,nan,nan,nan,nan,nan
306291,0.0,24.839531,0,0,0,0,0,nan,nan,nan,nan,nan
306292,0.0,23.191582,0,0,0,0,0,nan,nan,nan,nan,nan
306293,0.0,24.290215,0,0,0,0,0,nan,nan,0,0,0
306294,0.0,22.642265,0,0,0,0,0,nan,nan,nan,nan,nan
306295,0.0,24.290215,0,0,0,0,0,nan,nan,nan,nan,nan
306296,0.0,0.0,0,0,0,0,0,nan,nan,nan,nan,nan
306297,0.0,23.191582,0,0,0,0,0,nan,nan,nan,nan,nan
306298,0.0,24.839531,0,0,0,0,0,nan,nan,nan,nan,nan
306299,0.0,23.740898,0,0,0,0,0,nan,nan,nan,nan,nan
306300,0.0,22.642265,0,0,0,0,0,nan,nan,nan,nan,nan
306301,0.0,23.191582,0,0,0,0,0,nan,nan,nan,nan,nan
306302,0.0,22.642265,0,0,0,0,0,nan,nan,nan,nan,nan
306303,0.0,23.740898,0,0,0,0,0,nan,nan,nan,nan,nan
306304,0.0,24.839531,0,0,0,0,0,nan,nan,nan,nan,nan
306305,0.0,23.740898,0,0,0,0,0,nan,nan,nan,nan,nan
306306,0.0,22.642265,0,0,0,0,0,nan,nan,nan,nan,nan
306307,0.0,22.642265,0,0,0,0,0,nan,nan,nan,nan,nan
306308,0.0,23.740898,0,0,0,0,0,nan,nan,nan,nan,nan
306309,0.0,23.740898,0,0,0,0,0,nan,nan,nan,nan,nan
306310,0.0,24.290215,0,0,0,0,0,nan,nan,0,0,0
306311,0.0,23.191582,0,0,0,0,0,nan,nan,nan,nan,nan
306312,0.0,21.543633,0,0,0,0,0,nan,nan,nan,nan,nan
306313,0.0,23.191582,0,0,0,0,0,nan,nan,nan,nan,nan
306314,0.0,23.740898,0,0,0,0,0,nan,nan,nan,nan,nan
306315,0.0,24.839531,0,0,0,0,0,nan,nan,nan,nan,nan
306316,0.0,24.290215,0,0,0,0,0,nan,nan,nan,nan,nan
306317,0.0,23.191582,0,0,0,0,0,nan,nan,nan,nan,nan
306318,0.0,23.191582,0,0,0,0,0,nan,nan,nan,nan,nan
306319,0.0,24.290215,0,0,0,0,0,nan,nan,nan,nan,nan
306320,0.0,25.388847,0,0,0,0,0,nan,nan,nan,nan,nan
306321,0.0,23.191582,0,0,0,0,0,nan,nan,nan,nan,nan
306322,0.0,23.740898,0,0,0,0,0,nan,nan,nan,nan,nan
306323,0.0,23.191582,0,0,0,0,0,nan,nan,nan,nan,nan
306324,0.0,22.642265,0,0,0,0,0,nan,nan,nan,nan,nan
306325,0.0,23.740898,0,0,0,0,0,nan,nan,nan,nan,nan
306326,0.0,23.740898,0,0,0,0,0,nan,nan,0,0,0
306327,0.0,25.388847,0,0,0,0,0,nan,nan,nan,nan,nan
306328,0.0,22.092949,0,0,0,0,0,nan,nan,nan,nan,nan
306329,0.0,23.191582,0,0,0,0,0,nan,nan,nan,nan,nan
306330,0.0,23.191582,0,0,0,0,0,nan,nan,nan,nan,nan
306331,0.0,24.290215,0,0,0,0,0,nan,nan,nan,nan,nan
306332,0.0,24.290215,0,0,0,0,0,nan,nan,nan,nan,nan
306333,0.0,23.191582,0,0,0,0,0,nan,nan,nan,nan,nan
306334,0.0,25.388847,0,0,0,0,0,nan,nan,nan,nan,nan
306335,0.0,23.191582,0,0,0,0,0,nan,nan,nan,nan,nan
306336,0.0,25.388847,0,0,0,0,0,nan,nan,nan,nan,nan
306337,0.0,24.839531,0,0,0,0,0,nan,nan,nan,nan,nan
306338,0.0,23.191582,0,0,0,0,0,nan,nan,nan,nan,nan
306339,0.0,23.191582,0,0,0,0,0,nan,nan,0,0,0
306340,0.0,22.642265,0,0,0,0,0,nan,nan,nan,nan,nan
306341,0.0,24.839531,0,0,0,0,0,nan,nan,nan,nan,nan
306342,0.0,23.191582,0,0,0,0,0,nan,nan,nan,nan,nan
306343,0.0,22.092949,0,0,0,0,0,nan,nan,nan,nan,nan
306344,0.0,22.642265,0,0,0,0,0,nan,nan,nan,nan,nan
306345,0.0,22.642265,0,0,0,0,0,nan,nan,nan,nan,nan
306346,0.0,23.740898,0,0,0,0,0,nan,nan,nan,nan,nan
306347,0.0,24.839531,0,0,0,0,0,nan,nan,nan,nan,nan
306348,0.0,24.290215,0,0,0,0,0,nan,nan,nan,nan,nan
306349,0.0,23.191582,0,0,0,0,0,nan,nan,nan,nan,nan
306350,0.0,22.642265,0,0,0,0,0,nan,nan,nan,nan,nan
306351,0.0,23.191582,0,0,0,0,0,nan,nan,nan,nan,nan
306352,0.0,23.740898,0,0,0,0,0,nan,nan,nan,nan,nan
306353,0.0,23.740898,0,0,0,0,0,nan,nan,nan,nan,nan
306354,0.0,24.290215,0,0,0,0,0,nan,nan,nan,nan,nan
306355,0.0,23.191582,0,0,0,0,0,nan,nan,nan,nan,nan
306356,0.0,24.290215,0,0,0,0,0,nan,nan,0,0,0
306357,0.0,23.191582,0,0,0,0,0,nan,nan,nan,nan,nan
306358,0.0,23.740898,0,0,0,0,0,nan,nan,nan,nan,nan
306359,0.0,23.740898,0,0,0,0,0,nan,nan,nan,nan,nan
306360,0.0,22.092949,0,0,0,0,0,nan,nan,nan,nan,nan
306361,0.0,24.839531,0,0,0,0,0,nan,nan,nan,nan,nan
306362,0.0,24.839531,0,0,0,0,0,nan,nan,nan,nan,nan
306363,0.0,23.740898,0,0,0,0,0,nan,nan,nan,nan,nan
306364,0.0,23.191582,0,0,0,0,0,nan,nan,nan,nan,nan
306365,0.0,20.994316,0,0,0,0,0,nan,nan,nan,nan,nan
306366,0.0,23.191582,0,0,0,0,0,nan,nan,nan,nan,nan
306367,0.0,24.839531,0,0,0,0,0,nan,nan,nan,nan,nan
306368,0.0,24.290215,0,0,0,0,0,nan,nan,nan,nan,nan
306369,0.0,24.290215,0,0,0,0,0,nan,nan,nan,nan,nan
306370,0.0,23.191582,0,0,0,0,0,nan,nan,nan,nan,nan
306371,0.0,23.740898,0,0,0,0,0,nan,nan,nan,nan,nan
306372,0.0,23.191582,0,0,0,0,0,nan,nan,0,0,0
306373,0.0,24.290215,0,0,0,0,0,nan,nan,nan,nan,nan
306374,0.0,24.290215,0,0,0,0,0,nan,nan,nan,nan,nan
306375,0.0,22.092949,0,0,0,0,0,nan,nan,nan,nan,nan
306376,0.0,22.092949,0,0,0,0,0,nan,nan,nan,nan,nan
306377,0.0,22.642265,0,0,0,0,0,nan,nan,nan,nan,nan
306378,0.0,24.290215,0,0,0,0,0,nan,nan,nan,nan,nan
306379,0.0,24.839531,0,0,0,0,0,nan,nan,nan,nan,nan
306380,0.0,22.642265,0,0,0,0,0,nan,nan,nan,nan,nan
306381,0.0,22.642265,0,0,0,0,0,nan,nan,nan,nan,nan
306382,0.0,22.092949,0,0,0,0,0,nan,nan,nan,nan,nan
306383,0.0,22.642265,0,0,0,0,0,nan,nan,nan,nan,nan
306384,0.0,24.839531,0,0,0,0,0,nan,nan,nan,nan,nan
306385,0.0,23.740898,0,0,0,0,0,nan,nan,nan,nan,nan
306386,0.0,23.191582,0,0,0,0,0,nan,nan,0,0,0
306387,0.0,22.092949,0,0,0,0,0,nan,nan,nan,nan,nan
306388,0.0,23.740898,0,0,0,0,0,nan,nan,nan,nan,nan
306389,0.0,23.191582,0,0,0,0,0,nan,nan,nan,nan,nan
306390,0.0,24.290215,0,0,0,0,0,nan,nan,nan,nan,nan
306391,0.0,24.290215,0,0,0,0,0,nan,nan,nan,nan,nan
306392,19.975895,22.642265,0,0,0,0,0,nan,nan,nan,nan,nan
306393,0.0,21.543633,0,0,0,0,0,nan,nan,nan,nan,nan
306394,0.0,26.48748,0,0,0,0,0,nan,nan,nan,nan,nan
306395,0.0,24.290215,0,0,0,0,0,nan,nan,nan,nan,nan
306396,0.0,22.642265,0,0,0,0,0,nan,nan,nan,nan,nan
306397,0.0,22.642265,0,0,0,0,0,nan,nan,nan,nan,nan
306398,0.0,22.642265,0,0,0,0,0,nan,nan,nan,nan,nan
306399,0.0,23.191582,0,0,0,0,0,nan,nan,nan,nan,nan
306400,0.0,25.388847,0,0,0,0,0,nan,nan,nan,nan,nan
306401,0.0,23.191582,0,0,0,0,0,nan,nan,nan,nan,nan
306402,0.0,24.839531,0,0,0,0,0,nan,nan,nan,nan,nan
306403,0.0,23.191582,0,0,0,0,0,nan,nan,0,0,0
306404,0.0,23.740898,0,0,0,0,0,nan,nan,nan,nan,nan
306405,0.0,24.839531,0,0,0,0,0,nan,nan,nan,nan,nan
306406,0.0,23.191582,0,0,0,0,0,nan,nan,nan,nan,nan
306407,0.0,23.191582,0,0,0,0,0,nan,nan,nan,nan,nan
306408,0.0,22.642265,0,0,0,0,0,nan,nan,nan,nan,nan
306409,0.0,23.191582,0,0,0,0,0,nan,nan,nan,nan,nan
306410,0.0,25.388847,0,0,0,0,0,nan,nan,nan,nan,nan
306411,0.0,23.191582,0,0,0,0,0,nan,nan,nan,nan,nan
306412,0.0,23.740898,0,0,0,0,0,nan,nan,nan,nan,nan
306413,0.0,23.191582,0,0,0,0,0,nan,nan,nan,nan,nan
306414,0.0,22.642265,0,0,0,0,0,nan,nan,nan,nan,nan
306415,0.0,23.191582,0,0,0,0,0,nan,nan,nan,nan,nan
306416,0.0,23.191582,0,0,0,0,0,nan,nan,nan,nan,nan
306417,0.0,0.0,0,0,0,0,0,nan,nan,nan,nan,nan
306418,0.0,23.740898,0,0,0,0,0,nan,nan,nan,nan,nan
306419,0.0,23.191582,0,0,0,0,0,nan,nan,0,0,0
306420,0.0,23.191582,0,0,0,0,0,nan,nan,nan,nan,nan
306421,0.0,24.839531,0,0,0,0,0,nan,nan,nan,nan,nan
306422,0.0,23.191582,0,0,0,0,0,nan,nan,nan,nan,nan
306423,0.0,24.290215,0,0,0,0,0,nan,nan,nan,nan,nan
306424,0.0,23.740898,0,0,0,0,0,nan,nan,nan,nan,nan
306425,0.0,21.543633,0,0,0,0,0,nan,nan,nan,nan,nan
306426,0.0,23.191582,0,0,0,0,0,nan,nan,nan,nan,nan
306427,0.0,23.740898,0,0,0,0,0,nan,nan,nan,nan,nan
306428,0.0,22.642265,0,0,0,0,0,nan,nan,nan,nan,nan
306429,0.0,23.191582,0,0,0,0,0,nan,nan,nan,nan,nan
306430,0.0,23.191582,0,0,0,0,0,nan,nan,nan,nan,nan
306431,0.0,24.290215,0,0,0,0,0,nan,nan,nan,nan,nan
306432,0.0,23.191582,0,0,0,0,0,nan,nan,0,0,0
306433,0.0,22.092949,0,0,0,0,0,nan,nan,nan,nan,nan
306434,0.0,23.191582,0,0,0,0,0,nan,nan,nan,nan,nan
306435,0.0,23.191582,0,0,0,0,0,nan,nan,nan,nan,nan
306436,0.0,24.839531,0,0,0,0,0,nan,nan,nan,nan,nan
306437,0.0,23.191582,0,0,0,0,0,nan,nan,nan,nan,nan
306438,0.0,23.740898,0,0,0,0,0,nan,nan,nan,nan,nan
306439,0.0,24.290215,0,0,0,0,0,nan,nan,nan,nan,nan
306440,0.0,22.642265,0,0,0,0,0,nan,nan,nan,nan,nan
306441,0.0,23.191582,0,0,0,0,0,nan,nan,nan,nan,nan
306442,0.0,24.290215,0,0,0,0,0,nan,nan,nan,nan,nan
306443,0.0,20.994316,0,0,0,0,0,nan,nan,nan,nan,nan
306444,0.0,21.543633,0,0,0,0,0,nan,nan,nan,nan,nan
306445,0.0,22.092949,0,0,0,0,0,nan,nan,nan,nan,nan
306446,0.0,23.191582,0,0,0,0,0,nan,nan,nan,nan,nan
306447,0.0,25.938164,0,0,0,0,0,nan,nan,nan,nan,nan
306448,0.0,23.740898,0,0,0,0,0,nan,nan,nan,nan,nan
306449,0.0,22.092949,0,0,0,0,0,nan,nan,0,0,0
306450,0.0,22.092949,0,0,0,0,0,nan,nan,nan,nan,nan
306451,0.0,22.642265,0,0,0,0,0,nan,nan,nan,nan,nan
306452,0.0,23.740898,0,0,0,0,0,nan,nan,nan,nan,nan
306453,0.0,25.388847,0,0,0,0,0,nan,nan,nan,nan,nan
306454,0.0,22.642265,0,0,0,0,0,nan,nan,nan,nan,nan
306455,0.0,22.642265,0,0,0,0,0,nan,nan,nan,nan,nan
306456,0.0,22.092949,0,0,0,0,0,nan,nan,nan,nan,nan
306457,0.0,22.642265,0,0,0,0,0,nan,nan,nan,nan,nan
306458,0.0,23.740898,0,0,0,0,0,nan,nan,nan,nan,nan
306459,0.0,23.191582,0,0,0,0,0,nan,nan,nan,nan,nan
306460,0.0,23.191582,0,0,0,0,0,nan,nan,nan,nan,nan
306461,0.0,22.642265,0,0,0,0,0,nan,nan,nan,nan,nan
306462,0.0,23.191582,0,0,0,0,0,nan,nan,nan,nan,nan
306463,0.0,23.740898,0,0,0,0,0,nan,nan,nan,nan,nan
306464,0.0,24.839531,0,0,0,0,0,nan,nan,nan,nan,nan
306465,0.0,21.543633,0,0,0,0,0,nan,nan,0,0,0
306466,0.0,22.092949,0,0,0,0,0,nan,nan,nan,nan,nan
306467,0.0,23.191582,0,0,0,0,0,nan,nan,nan,nan,nan
306468,0.0,23.740898,0,0,0,0,0,nan,nan,nan,nan,nan
306469,0.0,24.290215,0,0,0,0,0,nan,nan,nan,nan,nan
306470,0.0,25.388847,0,0,0,0,0,nan,nan,nan,nan,nan
306471,0.0,23.740898,0,0,0,0,0,nan,nan,nan,nan,nan
306472,0.0,22.092949,0,0,0,0,0,nan,nan,nan,nan,nan
306473,0.0,23.740898,0,0,0,0,0,nan,nan,nan,nan,nan
306474,0.0,24.290215,0,0,0,0,0,nan,nan,nan,nan,nan
306475,0.0,23.740898,0,0,0,0,0,nan,nan,nan,nan,nan
306476,0.0,23.740898,0,0,0,0,0,nan,nan,nan,nan,nan
306477,0.0,23.191582,0,0,0,0,0,nan,nan,nan,nan,nan
306478,0.0,22.092949,0,0,0,0,0,nan,nan,0,0,0
306479,0.0,24.290215,0,0,0,0,0,nan,nan,nan,nan,nan
306480,0.0,23.740898,0,0,0,0,0,nan,nan,nan,nan,nan
306481,0.0,24.839531,0,0,0,0,0,nan,nan,nan,nan,nan
306482,0.0,23.191582,0,0,0,0,0,nan,nan,nan,nan,nan
306483,0.0,23.191582,0,0,0,0,0,nan,nan,nan,nan,nan
306484,0.0,22.092949,0,0,0,0,0,nan,nan,nan,nan,nan
306485,0.0,23.191582,0,0,0,0,0,nan,nan,nan,nan,nan
306486,0.0,22.642265,0,0,0,0,0,nan,nan,nan,nan,nan
306487,0.0,22.642265,0,0,0,0,0,nan,nan,nan,nan,nan
306488,0.0,23.191582,0,0,0,0,0,nan,nan,nan,nan,nan
306489,0.0,23.740898,0,0,0,0,0,nan,nan,nan,nan,nan
306490,0.0,23.740898,0,0,0,0,0,nan,nan,nan,nan,nan
306491,0.0,24.290215,0,0,0,0,0,nan,nan,nan,nan,nan
306492,0.0,23.191582,0,0,0,0,0,nan,nan,nan,nan,nan
306493,0.0,22.642265,0,0,0,0,0,nan,nan,nan,nan,nan
306494,0.0,23.191582,0,0,0,0,0,nan,nan,nan,nan,nan
306495,0.0,23.191582,0,0,0,0,0,nan,nan,0,0,0
306496,0.0,24.290215,0,0,0,0,0,nan,nan,nan,nan,nan
306497,0.0,22.642265,0,0,0,0,0,nan,nan,nan,nan,nan
306498,0.0,22.092949,0,0,0,0,0,nan,nan,nan,nan,nan
306499,0.0,0.0,0,0,0,0,0,nan,nan,nan,nan,nan
306500,0.0,24.290215,0,0,0,0,0,nan,nan,nan,nan,nan
306501,0.0,24.290215,0,0,0,0,0,nan,nan,nan,nan,nan
306502,0.0,22.642265,0,0,0,0,0,nan,nan,nan,nan,nan
306503,0.0,23.191582,0,0,0,0,0,nan,nan,nan,nan,nan
306504,0.0,23.191582,0,0,0,0,0,nan,nan,nan,nan,nan
306505,0.0,24.290215,0,0,0,0,0,nan,nan,nan,nan,nan
306506,0.0,23.740898,0,0,0,0,0,nan,nan,nan,nan,nan
306507,0.0,23.191582,0,0,0,0,0,nan,nan,nan,nan,nan
306508,0.0,23.191582,0,0,0,0,0,nan,nan,nan,nan,nan
306509,0.0,23.191582,0,0,0,0,0,nan,nan,nan,nan,nan
306510,0.0,23.191582,0,0,0,0,0,nan,nan,nan,nan,nan
306511,0.0,24.839531,0,0,0,0,0,nan,nan,nan,nan,nan
306512,0.0,23.191582,0,0,0,0,0,nan,nan,0,0,0
306513,0.0,23.740898,0,0,0,0,0,nan,nan,nan,nan,nan
306514,0.0,0.0,0,0,0,0,0,nan,nan,nan,nan,nan
306515,0.0,23.191582,0,0,0,0,0,nan,nan,nan,nan,nan
306516,0.0,23.191582,0,0,0,0,0,nan,nan,nan,nan,nan
306517,0.0,24.839531,0,0,0,0,0,nan,nan,nan,nan,nan
306518,0.0,24.290215,0,0,0,0,0,nan,nan,nan,nan,nan
306519,0.0,23.191582,0,0,0,0,0,nan,nan,nan,nan,nan
306520,0.0,22.092949,0,0,0,0,0,nan,nan,nan,nan,nan
306521,0.0,23.191582,0,0,0,0,0,nan,nan,nan,nan,nan
306522,0.0,24.839531,0,0,0,0,0,nan,nan,nan,nan,nan
306523,0.0,23.740898,0,0,0,0,0,nan,nan,nan,nan,nan
306524,0.0,22.642265,0,0,0,0,0,nan,nan,nan,nan,nan
306525,0.0,23.191582,0,0,0,0,0,nan,nan,0,0,0
306526,0.0,24.290215,0,0,0,0,0,nan,nan,nan,nan,nan
306527,0.0,22.642265,0,0,0,0,0,nan,nan,nan,nan,nan
306528,0.0,23.740898,0,0,0,0,0,nan,nan,nan,nan,nan
306529,0.0,23.191582,0,0,0,0,0,nan,nan,nan,nan,nan
306530,0.0,22.092949,0,0,0,0,0,nan,nan,nan,nan,nan
306531,0.0,24.839531,0,0,0,0,0,nan,nan,nan,nan,nan
306532,0.0,24.290215,0,0,0,0,0,nan,nan,nan,nan,nan
306533,0.0,23.740898,0,0,0,0,0,nan,nan,nan,nan,nan
306534,0.0,22.642265,0,0,0,0,0,nan,nan,nan,nan,nan
306535,0.0,24.839531,0,0,0,0,0,nan,nan,nan,nan,nan
306536,0.0,22.642265,0,0,0,0,0,nan,nan,nan,nan,nan
306537,0.0,24.290215,0,0,0,0,0,nan,nan,nan,nan,nan
306538,0.0,24.290215,0,0,0,0,0,nan,nan,nan,nan,nan
306539,0.0,23.740898,0,0,0,0,0,nan,nan,nan,nan,nan
306540,0.0,23.191582,0,0,0,0,0,nan,nan,nan,nan,nan
306541,0.0,22.092949,0,0,0,0,0,nan,nan,nan,nan,nan
306542,0.0,24.839531,0,0,0,0,0,nan,nan,0,0,0
306543,0.0,24.839531,0,0,0,0,0,nan,nan,nan,nan,nan
306544,0.0,22.642265,0,0,0,0,0,nan,nan,nan,nan,nan
306545,0.0,22.642265,0,0,0,0,0,nan,nan,nan,nan,nan
306546,0.0,23.191582,0,0,0,0,0,nan,nan,nan,nan,nan
306547,0.0,23.740898,0,0,0,0,0,nan,nan,nan,nan,nan
306548,0.0,23.191582,0,0,0,0,0,nan,nan,nan,nan,nan
306549,0.0,24.290215,0,0,0,0,0,nan,nan,nan,nan,nan
306550,0.0,22.092949,0,0,0,0,0,nan,nan,nan,nan,nan
306551,0.0,22.642265,0,0,0,0,0,nan,nan,nan,nan,nan
306552,0.0,24.290215,0,0,0,0,0,nan,nan,nan,nan,nan
306553,0.0,24.290215,0,0,0,0,0,nan,nan,nan,nan,nan
306554,0.0,24.290215,0,0,0,0,0,nan,nan,nan,nan,nan
306555,0.0,24.839531,0,0,0,0,0,nan,nan,nan,nan,nan
306556,0.0,23.191582,0,0,0,0,0,nan,nan,nan,nan,nan
306557,0.0,23.191582,0,0,0,0,0,nan,nan,nan,nan,nan
306558,0.0,23.191582,0,0,0,0,0,nan,nan,nan,nan,nan
306559,0.0,24.290215,0,0,0,0,0,nan,nan,0,0,0
306560,0.0,24.290215,0,0,0,0,0,nan,nan,nan,nan,nan
306561,0.0,22.642265,0,0,0,0,0,nan,nan,nan,nan,nan
306562,0.0,23.191582,0,0,0,0,0,nan,nan,nan,nan,nan
306563,0.0,24.290215,0,0,0,0,0,nan,nan,nan,nan,nan
306564,0.0,24.290215,0,0,0,0,0,nan,nan,nan,nan,nan
306565,0.0,24.290215,0,0,0,0,0,nan,nan,nan,nan,nan
306566,0.0,22.092949,0,0,0,0,0,nan,nan,nan,nan,nan
306567,0.0,23.191582,0,0,0,0,0,nan,nan,nan,nan,nan
306568,0.0,23.191582,0,0,0,0,0,nan,nan,nan,nan,nan
306569,0.0,24.839531,0,0,0,0,0,nan,nan,nan,nan,nan
306570,0.0,23.191582,0,0,0,0,0,nan,nan,nan,nan,nan
306571,0.0,22.642265,0,0,0,0,0,nan,nan,nan,nan,nan
306572,0.0,23.191582,0,0,0,0,0,nan,nan,nan,nan,nan
306573,0.0,23.191582,0,0,0,0,0,nan,nan,0,0,0
306574,0.0,24.290215,0,0,0,0,0,nan,nan,nan,nan,nan
306575,0.0,23.740898,0,0,0,0,0,nan,nan,nan,nan,nan
306576,0.0,23.191582,0,0,0,0,0,nan,nan,nan,nan,nan
306577,0.0,23.191582,0,0,0,0,0,nan,nan,nan,nan,nan
306578,0.0,23.191582,0,0,0,0,0,nan,nan,nan,nan,nan
306579,0.0,25.388847,0,0,0,0,0,nan,nan,nan,nan,nan
306580,0.0,24.290215,0,0,0,0,0,nan,nan,nan,nan,nan
306581,0.0,23.740898,0,0,0,0,0,nan,nan,nan,nan,nan
306582,0.0,23.191582,0,0,0,0,0,nan,nan,nan,nan,nan
306583,0.0,22.092949,0,0,0,0,0,nan,nan,nan,nan,nan
306584,0.0,24.290215,0,0,0,0,0,nan,nan,nan,nan,nan
306585,0.0,24.290215,0,0,0,0,0,nan,nan,nan,nan,nan
306586,0.0,23.740898,0,0,0,0,0,nan,nan,nan,nan,nan
306587,0.0,23.191582,0,0,0,0,0,nan,nan,nan,nan,nan
306588,0.0,22.642265,0,0,0,0,0,nan,nan,nan,nan,nan
306589,0.0,23.740898,0,0,0,0,0,nan,nan,nan,nan,nan
306590,0.0,23.191582,0,0,0,0,0,nan,nan,0,0,0
306591,0.0,23.740898,0,0,0,0,0,nan,nan,nan,nan,nan
306592,0.0,23.191582,0,0,0,0,0,nan,nan,nan,nan,nan
306593,0.0,22.642265,0,0,0,0,0,nan,nan,nan,nan,nan
306594,0.0,23.191582,0,0,0,0,0,nan,nan,nan,nan,nan
306595,0.0,23.740898,0,0,0,0,0,nan,nan,nan,nan,nan
306596,0.0,25.388847,0,0,0,0,0,nan,nan,nan,nan,nan
306597,0.0,20.445,0,0,0,0,0,nan,nan,nan,nan,nan
306598,0.0,23.191582,0,0,0,0,0,nan,nan,nan,nan,nan
306599,0.0,22.092949,0,0,0,0,0,nan,nan,nan,nan,nan
306600,0.0,22.642265,0,0,0,0,0,nan,nan,nan,nan,nan
306601,0.0,24.290215,0,0,0,0,0,nan,nan,nan,nan,nan
306602,0.0,24.290215,0,0,0,0,0,nan,nan,nan,nan,nan
306603,0.0,21.543633,0,0,0,0,0,nan,nan,nan,nan,nan
306604,0.0,22.642265,0,0,0,0,0,nan,nan,nan,nan,nan
306605,0.0,23.191582,0,0,0,0,0,nan,nan,nan,nan,nan
306606,0.0,24.839531,0,0,0,0,0,nan,nan,0,0,0
306607,0.0,25.388847,0,0,0,0,0,nan,nan,nan,nan,nan
306608,0.0,23.191582,0,0,0,0,0,nan,nan,nan,nan,nan
306609,0.0,24.839531,0,0,0,0,0,nan,nan,nan,nan,nan
306610,0.0,23.191582,0,0,0,0,0,nan,nan,nan,nan,nan
306611,0.0,25.388847,0,0,0,0,0,nan,nan,nan,nan,nan
306612,0.0,24.290215,0,0,0,0,0,nan,nan,nan,nan,nan
306613,0.0,23.191582,0,0,0,0,0,nan,nan,nan,nan,nan
306614,0.0,22.092949,0,0,0,0,0,nan,nan,nan,nan,nan
306615,0.0,22.092949,0,0,0,0,0,nan,nan,nan,nan,nan
306616,0.0,24.290215,0,0,0,0,0,nan,nan,nan,nan,nan
306617,0.0,23.740898,0,0,0,0,0,nan,nan,nan,nan,nan
306618,0.0,22.642265,0,0,0,0,0,nan,nan,nan,nan,nan
306619,0.0,23.191582,0,0,0,0,0,nan,nan,nan,nan,nan
306620,0.0,24.839531,0,0,0,0,0,nan,nan,nan,nan,nan
306621,0.0,22.092949,0,0,0,0,0,nan,nan,0,0,0
306622,0.0,24.290215,0,0,0,0,0,nan,nan,nan,nan,nan
306623,0.0,25.388847,0,0,0,0,0,nan,nan,nan,nan,nan
306624,0.0,23.191582,0,0,0,0,0,nan,nan,nan,nan,nan
306625,0.0,22.092949,0,0,0,0,0,nan,nan,nan,nan,nan
306626,0.0,23.191582,0,0,0,0,0,nan,nan,nan,nan,nan
306627,0.0,24.839531,0,0,0,0,0,nan,nan,nan,nan,nan
306628,0.0,22.642265,0,0,0,0,0,nan,nan,nan,nan,nan
306629,0.0,22.642265,0,0,0,0,0,nan,nan,nan,nan,nan
306630,0.0,23.191582,0,0,0,0,0,nan,nan,nan,nan,nan
306631,0.0,24.290215,0,0,0,0,0,nan,nan,nan,nan,nan
306632,0.0,25.388847,0,0,0,0,0,nan,nan,nan,nan,nan
306633,0.0,23.740898,0,0,0,0,0,nan,nan,nan,nan,nan
306634,0.0,23.191582,0,0,0,0,0,nan,nan,nan,nan,nan
306635,0.0,23.191582,0,0,0,0,0,nan,nan,nan,nan,nan
306636,0.0,23.191582,0,0,0,0,0,nan,nan,nan,nan,nan
306637,0.0,24.839531,0,0,0,0,0,nan,nan,nan,nan,nan
306638,0.0,24.839531,0,0,0,0,0,nan,nan,0,0,0
306639,0.0,21.543633,0,0,0,0,0,nan,nan,nan,nan,nan
306640,0.0,23.191582,0,0,0,0,0,nan,nan,nan,nan,nan
306641,0.0,23.191582,0,0,0,0,0,nan,nan,nan,nan,nan
306642,0.0,24.290215,0,0,0,0,0,nan,nan,nan,nan,nan
306643,0.0,25.388847,0,0,0,0,0,nan,nan,nan,nan,nan
306644,0.0,23.191582,0,0,0,0,0,nan,nan,nan,nan,nan
306645,0.0,23.191582,0,0,0,0,0,nan,nan,nan,nan,nan
306646,0.0,22.642265,0,0,0,0,0,nan,nan,nan,nan,nan
306647,0.0,23.740898,0,0,0,0,0,nan,nan,nan,nan,nan
306648,0.0,25.388847,0,0,0,0,0,nan,nan,nan,nan,nan
306649,0.0,24.839531,0,0,0,0,0,nan,nan,nan,nan,nan
306650,0.0,23.191582,0,0,0,0,0,nan,nan,nan,nan,nan
306651,0.0,23.191582,0,0,0,0,0,nan,nan,nan,nan,nan
306652,0.0,23.740898,0,0,0,0,0,nan,nan,nan,nan,nan
306653,0.0,24.290215,0,0,0,0,0,nan,nan,nan,nan,nan
306654,0.0,23.191582,0,0,0,0,0,nan,nan,nan,nan,nan
306655,0.0,24.290215,0,0,0,0,0,nan,nan,0,0,0
306656,0.0,23.191582,0,0,0,0,0,nan,nan,nan,nan,nan
306657,0.0,23.191582,0,0,0,0,0,nan,nan,nan,nan,nan
306658,0.0,23.191582,0,0,0,0,0,nan,nan,nan,nan,nan
306659,0.0,24.839531,0,0,0,0,0,nan,nan,nan,nan,nan
306660,0.0,24.839531,0,0,0,0,0,nan,nan,nan,nan,nan
306661,0.0,23.191582,0,0,0,0,0,nan,nan,nan,nan,nan
306662,0.0,22.092949,0,0,0,0,0,nan,nan,nan,nan,nan
306663,0.0,23.191582,0,0,0,0,0,nan,nan,nan,nan,nan
306664,0.0,24.839531,0,0,0,0,0,nan,nan,nan,nan,nan
306665,0.0,24.290215,0,0,0,0,0,nan,nan,nan,nan,nan
306666,0.0,23.191582,0,0,0,0,0,nan,nan,nan,nan,nan
306667,0.0,23.740898,0,0,0,0,0,nan,nan,nan,nan,nan
306668,0.0,22.092949,0,0,0,0,0,nan,nan,nan,nan,nan
306669,0.0,23.740898,0,0,0,0,0,nan,nan,0,0,0
306670,0.0,23.740898,0,0,0,0,0,nan,nan,nan,nan,nan
306671,0.0,24.290215,0,0,0,0,0,nan,nan,nan,nan,nan
306672,0.0,23.191582,0,0,0,0,0,nan,nan,nan,nan,nan
306673,0.0,22.092949,0,0,0,0,0,nan,nan,nan,nan,nan
306674,0.0,24.839531,0,0,0,0,0,nan,nan,nan,nan,nan
306675,0.0,23.191582,0,0,0,0,0,nan,nan,nan,nan,nan
306676,0.0,24.290215,0,0,0,0,0,nan,nan,nan,nan,nan
306677,0.0,23.191582,0,0,0,0,0,nan,nan,nan,nan,nan
306678,0.0,21.543633,0,0,0,0,0,nan,nan,nan,nan,nan
306679,0.0,23.740898,0,0,0,0,0,nan,nan,nan,nan,nan
306680,0.0,22.092949,0,0,0,0,0,nan,nan,nan,nan,nan
306681,0.0,24.839531,0,0,0,0,0,nan,nan,nan,nan,nan
306682,0.0,23.740898,0,0,0,0,0,nan,nan,nan,nan,nan
306683,0.0,22.642265,0,0,0,0,0,nan,nan,nan,nan,nan
306684,0.0,23.740898,0,0,0,0,0,nan,nan,nan,nan,nan
306685,0.0,23.191582,0,0,0,0,0,nan,nan,nan,nan,nan
306686,0.0,23.191582,0,0,0,0,0,nan,nan,nan,nan,nan
306687,0.0,22.092949,0,0,0,0,0,nan,nan,0,0,0
306688,0.0,22.642265,0,0,0,0,0,nan,nan,nan,nan,nan
306689,0.0,22.092949,0,0,0,0,0,nan,nan,nan,nan,nan
306690,0.0,24.290215,0,0,0,0,0,nan,nan,nan,nan,nan
306691,0.0,25.388847,0,0,0,0,0,nan,nan,nan,nan,nan
306692,0.0,23.191582,0,0,0,0,0,nan,nan,nan,nan,nan
306693,0.0,22.642265,0,0,0,0,0,nan,nan,nan,nan,nan
306694,0.0,24.290215,0,0,0,0,0,nan,nan,nan,nan,nan
306695,0.0,24.290215,0,0,0,0,0,nan,nan,nan,nan,nan
306696,0.0,22.642265,0,0,0,0,0,nan,nan,nan,nan,nan
306697,0.0,23.740898,0,0,0,0,0,nan,nan,nan,nan,nan
306698,0.0,23.191582,0,0,0,0,0,nan,nan,nan,nan,nan
306699,0.0,23.191582,0,0,0,0,0,nan,nan,nan,nan,nan
306700,0.0,23.740898,0,0,0,0,0,nan,nan,nan,nan,nan
306701,0.0,27.586113,0,0,0,0,0,nan,nan,nan,nan,nan
306702,0.0,21.543633,0,0,0,0,0,nan,nan,nan,nan,nan
306703,0.0,21.543633,0,0,0,0,0,nan,nan,0,0,0
306704,0.0,22.642265,0,0,0,0,0,nan,nan,nan,nan,nan
306705,0.0,23.191582,0,0,0,0,0,nan,nan,nan,nan,nan
306706,0.0,23.740898,0,0,0,0,0,nan,nan,nan,nan,nan
306707,0.0,24.290215,0,0,0,0,0,nan,nan,nan,nan,nan
306708,0.0,22.642265,0,0,0,0,0,nan,nan,nan,nan,nan
306709,0.0,22.642265,0,0,0,0,0,nan,nan,nan,nan,nan
306710,0.0,24.290215,0,0,0,0,0,nan,nan,nan,nan,nan
306711,0.0,23.740898,0,0,0,0,0,nan,nan,nan,nan,nan
306712,0.0,25.388847,0,0,0,0,0,nan,nan,nan,nan,nan
306713,0.0,23.740898,0,0,0,0,0,nan,nan,nan,nan,nan
306714,0.0,22.092949,0,0,0,0,0,nan,nan,nan,nan,nan
306715,0.0,24.290215,0,0,0,0,0,nan,nan,nan,nan,nan
306716,0.0,23.740898,0,0,0,0,0,nan,nan,nan,nan,nan
306717,0.0,25.938164,0,0,0,0,0,nan,nan,nan,nan,nan
306718,0.0,23.191582,0,0,0,0,0,nan,nan,0,0,0
306719,0.0,22.642265,0,0,0,0,0,nan,nan,nan,nan,nan
306720,0.0,23.191582,0,0,0,0,0,nan,nan,nan,nan,nan
306721,0.0,23.191582,0,0,0,0,0,nan,nan,nan,nan,nan
306722,0.0,23.191582,0,0,0,0,0,nan,nan,nan,nan,nan
306723,0.0,24.839531,0,0,0,0,0,nan,nan,nan,nan,nan
306724,0.0,22.092949,0,0,0,0,0,nan,nan,nan,nan,nan
306725,0.0,23.191582,0,0,0,0,0,nan,nan,nan,nan,nan
306726,0.0,23.191582,0,0,0,0,0,nan,nan,nan,nan,nan
306727,0.0,24.839531,0,0,0,0,0,nan,nan,nan,nan,nan
306728,0.0,24.290215,0,0,0,0,0,nan,nan,nan,nan,nan
306729,0.0,22.642265,0,0,0,0,0,nan,nan,nan,nan,nan
306730,0.0,24.290215,0,0,0,0,0,nan,nan,nan,nan,nan
306731,0.0,22.642265,0,0,0,0,0,nan,nan,nan,nan,nan
306732,0.0,23.191582,0,0,0,0,0,nan,nan,nan,nan,nan
306733,0.0,24.839531,0,0,0,0,0,nan,nan,nan,nan,nan
306734,0.0,24.290215,0,0,0,0,0,nan,nan,nan,nan,nan
306735,0.0,23.191582,0,0,0,0,0,nan,nan,0,0,0
306736,0.0,22.092949,0,0,0,0,0,nan,nan,nan,nan,nan
306737,0.0,23.740898,0,0,0,0,0,nan,nan,nan,nan,nan
306738,0.0,25.938164,0,0,0,0,0,nan,nan,nan,nan,nan
306739,0.0,24.290215,0,0,0,0,0,nan,nan,nan,nan,nan
306740,0.0,23.740898,0,0,0,0,0,nan,nan,nan,nan,nan
306741,0.0,23.191582,0,0,0,0,0,nan,nan,nan,nan,nan
306742,0.0,23.740898,0,0,0,0,0,nan,nan,nan,nan,nan
306743,0.0,24.290215,0,0,0,0,0,nan,nan,nan,nan,nan
306744,0.0,23.740898,0,0,0,0,0,nan,nan,nan,nan,nan
306745,0.0,24.290215,0,0,0,0,0,nan,nan,nan,nan,nan
306746,0.0,22.642265,0,0,0,0,0,nan,nan,nan,nan,nan
306747,0.0,23.191582,0,0,0,0,0,nan,nan,nan,nan,nan
306748,0.0,23.191582,0,0,0,0,0,nan,nan,nan,nan,nan
306749,0.0,24.290215,0,0,0,0,0,nan,nan,nan,nan,nan
306750,0.0,24.839531,0,0,0,0,0,nan,nan,nan,nan,nan
306751,0.0,23.191582,0,0,0,0,0,nan,nan,nan,nan,nan
306752,0.0,23.191582,0,0,0,0,0,nan,nan,0,0,0
306753,0.0,22.642265,0,0,0,0,0,nan,nan,nan,nan,nan
306754,0.0,23.740898,0,0,0,0,0,nan,nan,nan,nan,nan
306755,0.0,22.642265,0,0,0,0,0,nan,nan,nan,nan,nan
306756,0.0,22.092949,0,0,0,0,0,nan,nan,nan,nan,nan
306757,0.0,23.191582,0,0,0,0,0,nan,nan,nan,nan,nan
306758,0.0,22.642265,0,0,0,0,0,nan,nan,nan,nan,nan
306759,0.0,24.839531,0,0,0,0,0,nan,nan,nan,nan,nan
306760,0.0,23.191582,0,0,0,0,0,nan,nan,nan,nan,nan
306761,0.0,23.191582,0,0,0,0,0,nan,nan,nan,nan,nan
306762,0.0,22.092949,0,0,0,0,0,nan,nan,nan,nan,nan
306763,0.0,23.740898,0,0,0,0,0,nan,nan,nan,nan,nan
306764,0.0,24.290215,0,0,0,0,0,nan,nan,nan,nan,nan
306765,0.0,24.290215,0,0,0,0,0,nan,nan,nan,nan,nan
306766,0.0,24.839531,0,0,0,0,0,nan,nan,0,0,0
306767,0.0,23.191582,0,0,0,0,0,nan,nan,nan,nan,nan
306768,0.0,22.092949,0,0,0,0,0,nan,nan,nan,nan,nan
306769,0.0,24.839531,0,0,0,0,0,nan,nan,nan,nan,nan
306770,0.0,23.191582,0,0,0,0,0,nan,nan,nan,nan,nan
306771,0.0,24.290215,0,0,0,0,0,nan,nan,nan,nan,nan
306772,0.0,22.642265,0,0,0,0,0,nan,nan,nan,nan,nan
306773,0.0,23.191582,0,0,0,0,0,nan,nan,nan,nan,nan
306774,0.0,23.191582,0,0,0,0,0,nan,nan,nan,nan,nan
306775,0.0,24.290215,0,0,0,0,0,nan,nan,nan,nan,nan
306776,0.0,24.839531,0,0,0,0,0,nan,nan,nan,nan,nan
306777,0.0,22.092949,0,0,0,0,0,nan,nan,nan,nan,nan
306778,0.0,23.191582,0,0,0,0,0,nan,nan,nan,nan,nan
306779,0.0,23.740898,0,0,0,0,0,nan,nan,nan,nan,nan
306780,0.0,23.191582,0,0,0,0,0,nan,nan,nan,nan,nan
306781,0.0,25.388847,0,0,0,0,0,nan,nan,nan,nan,nan
306782,0.0,23.191582,0,0,0,0,0,nan,nan,nan,nan,nan
306783,0.0,23.191582,0,0,0,0,0,nan,nan,nan,nan,nan
306784,0.0,23.191582,0,0,0,0,0,nan,nan,0,0,0
306785,0.0,23.191582,0,0,0,0,0,nan,nan,nan,nan,nan
306786,0.0,24.290215,0,0,0,0,0,nan,nan,nan,nan,nan
306787,0.0,23.191582,0,0,0,0,0,nan,nan,nan,nan,nan
306788,0.0,22.092949,0,0,0,0,0,nan,nan,nan,nan,nan
306789,0.0,23.740898,0,0,0,0,0,nan,nan,nan,nan,nan
306790,0.0,22.642265,0,0,0,0,0,nan,nan,nan,nan,nan
306791,0.0,24.290215,0,0,0,0,0,nan,nan,nan,nan,nan
306792,0.0,24.290215,0,0,0,0,0,nan,nan,nan,nan,nan
306793,0.0,24.290215,0,0,0,0,0,nan,nan,nan,nan,nan
306794,0.0,23.191582,0,0,0,0,0,nan,nan,nan,nan,nan
306795,0.0,23.740898,0,0,0,0,0,nan,nan,nan,nan,nan
306796,0.0,23.740898,0,0,0,0,0,nan,nan,nan,nan,nan
306797,0.0,22.092949,0,0,0,0,0,nan,nan,nan,nan,nan
306798,0.0,24.290215,0,0,0,0,0,nan,nan,nan,nan,nan
306799,0.0,24.290215,0,0,0,0,0,nan,nan,nan,nan,nan
306800,0.0,23.740898,0,0,0,0,0,nan,nan,0,0,0
306801,0.0,21.543633,0,0,0,0,0,nan,nan,nan,nan,nan
306802,0.0,24.290215,0,0,0,0,0,nan,nan,nan,nan,nan
306803,0.0,24.839531,0,0,0,0,0,nan,nan,nan,nan,nan
306804,0.0,22.092949,0,0,0,0,0,nan,nan,nan,nan,nan
306805,0.0,22.092949,0,0,0,0,0,nan,nan,nan,nan,nan
306806,0.0,24.290215,0,0,0,0,0,nan,nan,nan,nan,nan
306807,0.0,23.740898,0,0,0,0,0,nan,nan,nan,nan,nan
306808,0.0,22.092949,0,0,0,0,0,nan,nan,nan,nan,nan
306809,0.0,22.092949,0,0,0,0,0,nan,nan,nan,nan,nan
306810,0.0,23.191582,0,0,0,0,0,nan,nan,nan,nan,nan
306811,0.0,23.191582,0,0,0,0,0,nan,nan,nan,nan,nan
306812,0.0,24.290215,0,0,0,0,0,nan,nan,nan,nan,nan
306813,0.0,24.290215,0,0,0,0,0,nan,nan,nan,nan,nan
306814,0.0,22.092949,0,0,0,0,0,nan,nan,0,0,0
306815,0.0,23.740898,0,0,0,0,0,nan,nan,nan,nan,nan
306816,0.0,24.839531,0,0,0,0,0,nan,nan,nan,nan,nan
306817,0.0,23.740898,0,0,0,0,0,nan,nan,nan,nan,nan
306818,0.0,24.290215,0,0,0,0,0,nan,nan,nan,nan,nan
306819,0.0,22.092949,0,0,0,0,0,nan,nan,nan,nan,nan
306820,0.0,23.740898,0,0,0,0,0,nan,nan,nan,nan,nan
306821,0.0,22.642265,0,0,0,0,0,nan,nan,nan,nan,nan
306822,0.0,22.642265,0,0,0,0,0,nan,nan,nan,nan,nan
306823,0.0,25.388847,0,0,0,0,0,nan,nan,nan,nan,nan
306824,0.0,23.740898,0,0,0,0,0,nan,nan,nan,nan,nan
306825,0.0,22.092949,0,0,0,0,0,nan,nan,nan,nan,nan
306826,0.0,22.092949,0,0,0,0,0,nan,nan,nan,nan,nan
306827,0.0,23.191582,0,0,0,0,0,nan,nan,nan,nan,nan
306828,0.0,23.740898,0,0,0,0,0,nan,nan,nan,nan,nan
306829,0.0,22.642265,0,0,0,0,0,nan,nan,nan,nan,nan
306830,0.0,24.290215,0,0,0,0,0,nan,nan,nan,nan,nan
306831,0.0,22.092949,0,0,0,0,0,nan,nan,nan,nan,nan
306832,0.0,23.191582,0,0,0,0,0,nan,nan,0,0,0
306833,0.0,24.290215,0,0,0,0,0,nan,nan,nan,nan,nan
306834,0.0,24.839531,0,0,0,0,0,nan,nan,nan,nan,nan
306835,0.0,23.740898,0,0,0,0,0,nan,nan,nan,nan,nan
306836,0.0,21.543633,0,0,0,0,0,nan,nan,nan,nan,nan
306837,0.0,23.191582,0,0,0,0,0,nan,nan,nan,nan,nan
306838,0.0,23.191582,0,0,0,0,0,nan,nan,nan,nan,nan
306839,0.0,21.543633,0,0,0,0,0,nan,nan,nan,nan,nan
306840,0.0,23.191582,0,0,0,0,0,nan,nan,nan,nan,nan
306841,0.0,22.092949,0,0,0,0,0,nan,nan,nan,nan,nan
306842,0.0,23.191582,0,0,0,0,0,nan,nan,nan,nan,nan
306843,0.0,23.191582,0,0,0,0,0,nan,nan,nan,nan,nan
306844,0.0,24.290215,0,0,0,0,0,nan,nan,nan,nan,nan
306845,0.0,23.740898,0,0,0,0,0,nan,nan,nan,nan,nan
306846,0.0,22.092949,0,0,0,0,0,nan,nan,nan,nan,nan
306847,0.0,24.290215,0,0,0,0,0,nan,nan,nan,nan,nan
306848,0.0,22.092949,0,0,0,0,0,nan,nan,0,0,0
306849,0.0,24.290215,0,0,0,0,0,nan,nan,nan,nan,nan
306850,0.0,24.839531,0,0,0,0,0,nan,nan,nan,nan,nan
306851,0.0,22.092949,0,0,0,0,0,nan,nan,nan,nan,nan
306852,0.0,23.191582,0,0,0,0,0,nan,nan,nan,nan,nan
306853,0.0,22.642265,0,0,0,0,0,nan,nan,nan,nan,nan
306854,0.0,24.290215,0,0,0,0,0,nan,nan,nan,nan,nan
306855,0.0,23.191582,0,0,0,0,0,nan,nan,nan,nan,nan
306856,0.0,23.191582,0,0,0,0,0,nan,nan,nan,nan,nan
306857,0.0,23.191582,0,0,0,0,0,nan,nan,nan,nan,nan
306858,0.0,22.642265,0,0,0,0,0,nan,nan,nan,nan,nan
306859,0.0,22.092949,0,0,0,0,0,nan,nan,nan,nan,nan
306860,0.0,23.191582,0,0,0,0,0,nan,nan,nan,nan,nan
306861,0.0,22.092949,0,0,0,0,0,nan,nan,nan,nan,nan
306862,0.0,23.740898,0,0,0,0,0,nan,nan,0,0,0
306863,0.0,23.191582,0,0,0,0,0,nan,nan,nan,nan,nan
306864,0.0,23.191582,0,0,0,0,0,nan,nan,nan,nan,nan
306865,0.0,24.290215,0,0,0,0,0,nan,nan,nan,nan,nan
306866,0.0,24.839531,0,0,0,0,0,nan,nan,nan,nan,nan
306867,0.0,22.092949,0,0,0,0,0,nan,nan,nan,nan,nan
306868,0.0,23.191582,0,0,0,0,0,nan,nan,nan,nan,nan
306869,0.0,24.290215,0,0,0,0,0,nan,nan,nan,nan,nan
306870,0.0,23.191582,0,0,0,0,0,nan,nan,nan,nan,nan
306871,0.0,25.388847,0,0,0,0,0,nan,nan,nan,nan,nan
306872,0.0,23.191582,0,0,0,0,0,nan,nan,nan,nan,nan
306873,0.0,22.642265,0,0,0,0,0,nan,nan,nan,nan,nan
306874,0.0,22.642265,0,0,0,0,0,nan,nan,nan,nan,nan
306875,0.0,23.191582,0,0,0,0,0,nan,nan,nan,nan,nan
306876,0.0,24.839531,0,0,0,0,0,nan,nan,nan,nan,nan
306877,0.0,22.642265,0,0,0,0,0,nan,nan,nan,nan,nan
306878,0.0,22.642265,0,0,0,0,0,nan,nan,nan,nan,nan
306879,0.0,23.191582,0,0,0,0,0,nan,nan,0,0,0
306880,0.0,22.092949,0,0,0,0,0,nan,nan,nan,nan,nan
306881,0.0,22.642265,0,0,0,0,0,nan,nan,nan,nan,nan
306882,0.0,23.740898,0,0,0,0,0,nan,nan,nan,nan,nan
306883,0.0,25.388847,0,0,0,0,0,nan,nan,nan,nan,nan
306884,0.0,22.092949,0,0,0,0,0,nan,nan,nan,nan,nan
306885,0.0,22.092949,0,0,0,0,0,nan,nan,nan,nan,nan
306886,0.0,24.290215,0,0,0,0,0,nan,nan,nan,nan,nan
306887,0.0,23.191582,0,0,0,0,0,nan,nan,nan,nan,nan
306888,0.0,23.740898,0,0,0,0,0,nan,nan,nan,nan,nan
306889,0.0,21.543633,0,0,0,0,0,nan,nan,nan,nan,nan
306890,0.0,23.191582,0,0,0,0,0,nan,nan,nan,nan,nan
306891,0.0,22.642265,0,0,0,0,0,nan,nan,nan,nan,nan
306892,0.0,23.191582,0,0,0,0,0,nan,nan,nan,nan,nan
306893,0.0,25.938164,0,0,0,0,0,nan,nan,nan,nan,nan
306894,0.0,23.191582,0,0,0,0,0,nan,nan,nan,nan,nan
306895,0.0,23.191582,0,0,0,0,0,nan,nan,nan,nan,nan
306896,0.0,22.092949,0,0,0,0,0,nan,nan,nan,nan,nan
306897,0.0,23.191582,0,0,0,0,0,nan,nan,0,0,0
306898,0.0,24.290215,0,0,0,0,0,nan,nan,nan,nan,nan
306899,0.0,23.191582,0,0,0,0,0,nan,nan,nan,nan,nan
306900,0.0,23.191582,0,0,0,0,0,nan,nan,nan,nan,nan
306901,0.0,22.092949,0,0,0,0,0,nan,nan,nan,nan,nan
306902,0.0,22.642265,0,0,0,0,0,nan,nan,nan,nan,nan
306903,0.0,23.191582,0,0,0,0,0,nan,nan,nan,nan,nan
306904,0.0,23.191582,0,0,0,0,0,nan,nan,nan,nan,nan
306905,0.0,23.191582,0,0,0,0,0,nan,nan,nan,nan,nan
306906,0.0,22.092949,0,0,0,0,0,nan,nan,nan,nan,nan
306907,0.0,23.740898,0,0,0,0,0,nan,nan,nan,nan,nan
306908,0.0,25.388847,0,0,0,0,0,nan,nan,nan,nan,nan
306909,0.0,23.191582,0,0,0,0,0,nan,nan,nan,nan,nan
306910,0.0,24.290215,0,0,0,0,0,nan,nan,0,0,0
306911,0.0,23.191582,0,0,0,0,0,nan,nan,nan,nan,nan
306912,0.0,24.290215,0,0,0,0,0,nan,nan,nan,nan,nan
306913,0.0,24.290215,0,0,0,0,0,nan,nan,nan,nan,nan
306914,0.0,22.092949,0,0,0,0,0,nan,nan,nan,nan,nan
306915,0.0,23.191582,0,0,0,0,0,nan,nan,nan,nan,nan
306916,0.0,21.543633,0,0,0,0,0,nan,nan,nan,nan,nan
306917,0.0,26.48748,0,0,0,0,0,nan,nan,nan,nan,nan
306918,0.0,26.48748,0,0,0,0,0,nan,nan,nan,nan,nan
306919,0.0,22.642265,0,0,0,0,0,nan,nan,nan,nan,nan
306920,0.0,21.543633,0,0,0,0,0,nan,nan,nan,nan,nan
306921,0.0,22.642265,0,0,0,0,0,nan,nan,nan,nan,nan
306922,0.0,23.191582,0,0,0,0,0,nan,nan,nan,nan,nan
306923,0.0,23.740898,0,0,0,0,0,nan,nan,nan,nan,nan
306924,0.0,24.290215,0,0,0,0,0,nan,nan,nan,nan,nan
306925,0.0,23.740898,0,0,0,0,0,nan,nan,nan,nan,nan
306926,0.0,23.740898,0,0,0,0,0,nan,nan,nan,nan,nan
306927,0.0,23.191582,0,0,0,0,0,nan,nan,nan,nan,nan
306928,0.0,23.191582,0,0,0,0,0,nan,nan,0,0,0
306929,0.0,26.48748,0,0,0,0,0,nan,nan,nan,nan,nan
306930,0.0,24.839531,0,0,0,0,0,nan,nan,nan,nan,nan
306931,0.0,21.543633,0,0,0,0,0,nan,nan,nan,nan,nan
306932,0.0,23.191582,0,0,0,0,0,nan,nan,nan,nan,nan
306933,0.0,23.191582,0,0,0,0,0,nan,nan,nan,nan,nan
306934,0.0,23.191582,0,0,0,0,0,nan,nan,nan,nan,nan
306935,0.0,24.839531,0,0,0,0,0,nan,nan,nan,nan,nan
306936,0.0,26.48748,0,0,0,0,0,nan,nan,nan,nan,nan
306937,0.0,22.642265,0,0,0,0,0,nan,nan,nan,nan,nan
306938,0.0,23.191582,0,0,0,0,0,nan,nan,nan,nan,nan
306939,0.0,23.191582,0,0,0,0,0,nan,nan,nan,nan,nan
306940,0.0,23.191582,0,0,0,0,0,nan,nan,nan,nan,nan
306941,0.0,23.191582,0,0,0,0,0,nan,nan,nan,nan,nan
306942,0.0,22.092949,0,0,0,0,0,nan,nan,nan,nan,nan
306943,0.0,23.191582,0,0,0,0,0,nan,nan,nan,nan,nan
306944,0.0,25.388847,0,0,0,0,0,nan,nan,nan,nan,nan
306945,0.0,23.191582,0,0,0,0,0,nan,nan,0,0,0
306946,0.0,24.839531,0,0,0,0,0,nan,nan,nan,nan,nan
306947,0.0,23.740898,0,0,0,0,0,nan,nan,nan,nan,nan
306948,0.0,20.994316,0,0,0,0,0,nan,nan,nan,nan,nan
306949,0.0,24.290215,0,0,0,0,0,nan,nan,nan,nan,nan
306950,0.0,23.191582,0,0,0,0,0,nan,nan,nan,nan,nan
306951,0.0,24.290215,0,0,0,0,0,nan,nan,nan,nan,nan
306952,0.0,23.191582,0,0,0,0,0,nan,nan,nan,nan,nan
306953,0.0,23.191582,0,0,0,0,0,nan,nan,nan,nan,nan
306954,0.0,23.740898,0,0,0,0,0,nan,nan,nan,nan,nan
306955,0.0,23.191582,0,0,0,0,0,nan,nan,nan,nan,nan
306956,0.0,24.290215,0,0,0,0,0,nan,nan,nan,nan,nan
306957,0.0,23.740898,0,0,0,0,0,nan,nan,nan,nan,nan
306958,0.0,23.191582,0,0,0,0,0,nan,nan,0,0,0
306959,0.0,23.191582,0,0,0,0,0,nan,nan,nan,nan,nan
306960,0.0,22.642265,0,0,0,0,0,nan,nan,nan,nan,nan
306961,0.0,23.740898,0,0,0,0,0,nan,nan,nan,nan,nan
306962,0.0,23.740898,0,0,0,0,0,nan,nan,nan,nan,nan
306963,0.0,23.191582,0,0,0,0,0,nan,nan,nan,nan,nan
306964,0.0,22.642265,0,0,0,0,0,nan,nan,nan,nan,nan
306965,0.0,24.839531,0,0,0,0,0,nan,nan,nan,nan,nan
306966,0.0,25.938164,0,0,0,0,0,nan,nan,nan,nan,nan
306967,0.0,23.191582,0,0,0,0,0,nan,nan,nan,nan,nan
306968,0.0,23.191582,0,0,0,0,0,nan,nan,nan,nan,nan
306969,0.0,22.092949,0,0,0,0,0,nan,nan,nan,nan,nan
306970,0.0,25.388847,0,0,0,0,0,nan,nan,nan,nan,nan
306971,0.0,25.388847,0,0,0,0,0,nan,nan,nan,nan,nan
306972,0.0,22.092949,0,0,0,0,0,nan,nan,nan,nan,nan
306973,0.0,23.191582,0,0,0,0,0,nan,nan,nan,nan,nan
306974,0.0,22.092949,0,0,0,0,0,nan,nan,nan,nan,nan
306975,0.0,22.642265,0,0,0,0,0,nan,nan,0,0,0
306976,0.0,23.740898,0,0,0,0,0,nan,nan,nan,nan,nan
306977,0.0,24.290215,0,0,0,0,0,nan,nan,nan,nan,nan
306978,0.0,24.290215,0,0,0,0,0,nan,nan,nan,nan,nan
306979,0.0,22.642265,0,0,0,0,0,nan,nan,nan,nan,nan
306980,0.0,23.740898,0,0,0,0,0,nan,nan,nan,nan,nan
306981,0.0,24.290215,0,0,0,0,0,nan,nan,nan,nan,nan
306982,0.0,24.290215,0,0,0,0,0,nan,nan,nan,nan,nan
306983,0.0,24.290215,0,0,0,0,0,nan,nan,nan,nan,nan
306984,0.0,23.191582,0,0,0,0,0,nan,nan,nan,nan,nan
306985,0.0,21.543633,0,0,0,0,0,nan,nan,nan,nan,nan
306986,0.0,23.191582,0,0,0,0,0,nan,nan,nan,nan,nan
306987,0.0,24.839531,0,0,0,0,0,nan,nan,nan,nan,nan
306988,0.0,24.839531,0,0,0,0,0,nan,nan,nan,nan,nan
306989,0.0,23.191582,0,0,0,0,0,nan,nan,nan,nan,nan
306990,0.0,23.191582,0,0,0,0,0,nan,nan,0,0,0
306991,0.0,23.740898,0,0,0,0,0,nan,nan,nan,nan,nan
306992,0.0,23.191582,0,0,0,0,0,nan,nan,nan,nan,nan
306993,0.0,22.642265,0,0,0,0,0,nan,nan,nan,nan,nan
306994,0.0,22.092949,0,0,0,0,0,nan,nan,nan,nan,nan
306995,0.0,24.290215,0,0,0,0,0,nan,nan,nan,nan,nan
306996,0.0,23.740898,0,0,0,0,0,nan,nan,nan,nan,nan
306997,0.0,24.290215,0,0,0,0,0,nan,nan,nan,nan,nan
306998,0.0,23.740898,0,0,0,0,0,nan,nan,nan,nan,nan
306999,0.0,24.290215,0,0,0,0,0,nan,nan,nan,nan,nan
307000,0.0,23.191582,0,0,0,0,0,nan,nan,nan,nan,nan
307001,0.0,22.642265,0,0,0,0,0,nan,nan,nan,nan,nan
307002,0.0,23.191582,0,0,0,0,0,nan,nan,nan,nan,nan
307003,0.0,23.740898,0,0,0,0,0,nan,nan,0,0,0
307004,0.0,22.642265,0,0,0,0,0,nan,nan,nan,nan,nan
307005,0.0,23.191582,0,0,0,0,0,nan,nan,nan,nan,nan
307006,0.0,22.092949,0,0,0,0,0,nan,nan,nan,nan,nan
307007,0.0,23.740898,0,0,0,0,0,nan,nan,nan,nan,nan
307008,0.0,24.839531,0,0,0,0,0,nan,nan,nan,nan,nan
307009,0.0,23.191582,0,0,0,0,0,nan,nan,nan,nan,nan
307010,0.0,23.740898,0,0,0,0,0,nan,nan,nan,nan,nan
307011,0.0,22.092949,0,0,0,0,0,nan,nan,nan,nan,nan
307012,0.0,23.740898,0,0,0,0,0,nan,nan,nan,nan,nan
307013,0.0,23.740898,0,0,0,0,0,nan,nan,nan,nan,nan
307014,0.0,24.839531,0,0,0,0,0,nan,nan,nan,nan,nan
307015,0.0,24.290215,0,0,0,0,0,nan,nan,nan,nan,nan
307016,0.0,22.642265,0,0,0,0,0,nan,nan,nan,nan,nan
307017,0.0,23.191582,0,0,0,0,0,nan,nan,nan,nan,nan
307018,0.0,23.191582,0,0,0,0,0,nan,nan,nan,nan,nan
307019,0.0,25.388847,0,0,0,0,0,nan,nan,nan,nan,nan
307020,0.0,23.740898,0,0,0,0,0,nan,nan,0,0,0
307021,0.0,22.642265,0,0,0,0,0,nan,nan,nan,nan,nan
307022,0.0,22.642265,0,0,0,0,0,nan,nan,nan,nan,nan
307023,0.0,24.290215,0,0,0,0,0,nan,nan,nan,nan,nan
307024,0.0,24.290215,0,0,0,0,0,nan,nan,nan,nan,nan
307025,0.0,24.290215,0,0,0,0,0,nan,nan,nan,nan,nan
307026,0.0,22.642265,0,0,0,0,0,nan,nan,nan,nan,nan
307027,0.0,23.740898,0,0,0,0,0,nan,nan,nan,nan,nan
307028,0.0,23.191582,0,0,0,0,0,nan,nan,nan,nan,nan
307029,0.0,23.191582,0,0,0,0,0,nan,nan,nan,nan,nan
307030,0.0,23.740898,0,0,0,0,0,nan,nan,nan,nan,nan
307031,0.0,24.290215,0,0,0,0,0,nan,nan,nan,nan,nan
307032,0.0,24.290215,0,0,0,0,0,nan,nan,nan,nan,nan
307033,0.0,23.191582,0,0,0,0,0,nan,nan,nan,nan,nan
307034,0.0,23.740898,0,0,0,0,0,nan,nan,nan,nan,nan
307035,0.0,24.290215,0,0,0,0,0,nan,nan,nan,nan,nan
307036,0.0,23.740898,0,0,0,0,0,nan,nan,0,0,0
307037,0.0,25.388847,0,0,0,0,0,nan,nan,nan,nan,nan
307038,0.0,22.642265,0,0,0,0,0,nan,nan,nan,nan,nan
307039,0.0,24.290215,0,0,0,0,0,nan,nan,nan,nan,nan
307040,0.0,23.740898,0,0,0,0,0,nan,nan,nan,nan,nan
307041,0.0,23.740898,0,0,0,0,0,nan,nan,nan,nan,nan
307042,0.0,22.642265,0,0,0,0,0,nan,nan,nan,nan,nan
307043,0.0,24.290215,0,0,0,0,0,nan,nan,nan,nan,nan
307044,0.0,23.191582,0,0,0,0,0,nan,nan,nan,nan,nan
307045,0.0,23.740898,0,0,0,0,0,nan,nan,nan,nan,nan
307046,0.0,24.839531,0,0,0,0,0,nan,nan,nan,nan,nan
307047,0.0,23.191582,0,0,0,0,0,nan,nan,nan,nan,nan
307048,0.0,23.740898,0,0,0,0,0,nan,nan,nan,nan,nan
307049,0.0,24.839531,0,0,0,0,0,nan,nan,nan,nan,nan
307050,0.0,22.092949,0,0,0,0,0,nan,nan,0,0,0
307051,0.0,24.839531,0,0,0,0,0,nan,nan,nan,nan,nan
307052,0.0,22.642265,0,0,0,0,0,nan,nan,nan,nan,nan
307053,0.0,20.445,0,0,0,0,0,nan,nan,nan,nan,nan
307054,0.0,23.191582,0,0,0,0,0,nan,nan,nan,nan,nan
307055,0.0,24.290215,0,0,0,0,0,nan,nan,nan,nan,nan
307056,0.0,24.290215,0,0,0,0,0,nan,nan,nan,nan,nan
307057,0.0,23.740898,0,0,0,0,0,nan,nan,nan,nan,nan
307058,0.0,23.191582,0,0,0,0,0,nan,nan,nan,nan,nan
307059,0.0,22.092949,0,0,0,0,0,nan,nan,nan,nan,nan
307060,0.0,23.191582,0,0,0,0,0,nan,nan,nan,nan,nan
307061,0.0,23.740898,0,0,0,0,0,nan,nan,nan,nan,nan
307062,0.0,22.092949,0,0,0,0,0,nan,nan,nan,nan,nan
307063,0.0,24.290215,0,0,0,0,0,nan,nan,nan,nan,nan
307064,0.0,21.543633,0,0,0,0,0,nan,nan,nan,nan,nan
307065,0.0,22.642265,0,0,0,0,0,nan,nan,nan,nan,nan
307066,0.0,23.740898,0,0,0,0,0,nan,nan,nan,nan,nan
307067,0.0,24.290215,0,0,0,0,0,nan,nan,nan,nan,nan
307068,0.0,23.191582,0,0,0,0,0,nan,nan,0,0,0
307069,0.0,23.191582,0,0,0,0,0,nan,nan,nan,nan,nan
307070,0.0,23.191582,0,0,0,0,0,nan,nan,nan,nan,nan
307071,0.0,22.642265,0,0,0,0,0,nan,nan,nan,nan,nan
307072,0.0,23.191582,0,0,0,0,0,nan,nan,nan,nan,nan
307073,0.0,24.839531,0,0,0,0,0,nan,nan,nan,nan,nan
307074,0.0,20.445,0,0,0,0,0,nan,nan,nan,nan,nan
307075,0.0,23.191582,0,0,0,0,0,nan,nan,nan,nan,nan
307076,0.0,24.290215,0,0,0,0,0,nan,nan,nan,nan,nan
307077,0.0,23.191582,0,0,0,0,0,nan,nan,nan,nan,nan
307078,0.0,23.740898,0,0,0,0,0,nan,nan,nan,nan,nan
307079,0.0,24.290215,0,0,0,0,0,nan,nan,nan,nan,nan
307080,0.0,22.642265,0,0,0,0,0,nan,nan,nan,nan,nan
307081,0.0,23.191582,0,0,0,0,0,nan,nan,nan,nan,nan
307082,0.0,22.642265,0,0,0,0,0,nan,nan,nan,nan,nan
307083,0.0,23.740898,0,0,0,0,0,nan,nan,nan,nan,nan
307084,0.0,24.290215,0,0,0,0,0,nan,nan,0,0,0
307085,0.0,24.290215,0,0,0,0,0,nan,nan,nan,nan,nan
307086,0.0,21.543633,0,0,0,0,0,nan,nan,nan,nan,nan
307087,0.0,23.191582,0,0,0,0,0,nan,nan,nan,nan,nan
307088,0.0,25.388847,0,0,0,0,0,nan,nan,nan,nan,nan
307089,0.0,24.290215,0,0,0,0,0,nan,nan,nan,nan,nan
307090,0.0,23.191582,0,0,0,0,0,nan,nan,nan,nan,nan
307091,0.0,24.290215,0,0,0,0,0,nan,nan,nan,nan,nan
307092,0.0,22.092949,0,0,0,0,0,nan,nan,nan,nan,nan
307093,0.0,23.191582,0,0,0,0,0,nan,nan,nan,nan,nan
307094,0.0,23.740898,0,0,0,0,0,nan,nan,nan,nan,nan
307095,0.0,23.191582,0,0,0,0,0,nan,nan,nan,nan,nan
307096,0.0,23.191582,0,0,0,0,0,nan,nan,nan,nan,nan
307097,0.0,23.191582,0,0,0,0,0,nan,nan,0,0,0
307098,0.0,24.290215,0,0,0,0,0,nan,nan,nan,nan,nan
307099,0.0,24.839531,0,0,0,0,0,nan,nan,nan,nan,nan
307100,0.0,23.191582,0,0,0,0,0,nan,nan,nan,nan,nan
307101,0.0,23.191582,0,0,0,0,0,nan,nan,nan,nan,nan
307102,0.0,23.191582,0,0,0,0,0,nan,nan,nan,nan,nan
307103,0.0,24.839531,0,0,0,0,0,nan,nan,nan,nan,nan
