Left Belt Velocity Profile:
0.0,0.050000000000000003,0.10000000000000001,0.15000000000000002,0.20000000000000001,0.25,0.30000000000000004,0.35000000000000003,0.40000000000000002,0.45000000000000001,0.5,0.55000000000000004,0.59999999999999998,0.64999999999999991,0.69999999999999996,0.75,0.80000000000000004,0.84999999999999998,0.90000000000000002,0.94999999999999996,1.0,1.0,1.0,1.0,1.0,1.0,1.0,1.0,1.0,1.0,1.0,1.0,1.0,1.0,1.0,1.0,1.0,1.0,1.0,1.0,1.0,1.0,1.0,1.0,1.0,1.0,1.0,1.0,1.0
Right Belt Velocity Profile:
0.0,0.050000000000000003,0.10000000000000001,0.15000000000000002,0.20000000000000001,0.25,0.30000000000000004,0.35000000000000003,0.40000000000000002,0.45000000000000001,0.5,0.55000000000000004,0.59999999999999998,0.64999999999999991,0.69999999999999996,0.75,0.80000000000000004,0.84999999999999998,0.90000000000000002,0.94999999999999996,1.0,1.0,1.0,1.0,1.0,1.0,1.0,1.0,1.0,1.0,1.0,1.0,1.0,1.0,1.0,1.0,1.0,1.0,1.0,1.0,1.0,1.0,1.0,1.0,1.0,1.0,1.0,1.0,1.0
Incline Angle
0
FrameNumber,Rfz,Lfz,RHS,LHS,RTO,LTO,Pause,RBSsent,LBSsent,RBSread,LBSread,incang_read
42480,0.0,23.191582,0,0,0,0,0,0,0,0,0,0
42481,0.0,23.740898,0,0,0,0,0,nan,nan,0,0,0
42482,0.0,23.740898,0,0,0,0,0,nan,nan,0,0,0
42483,0.0,22.092949,0,0,0,0,0,nan,nan,0,0,0
42484,0.0,23.191582,0,0,0,0,0,nan,nan,0,0,0
42485,0.0,23.191582,0,0,0,0,0,nan,nan,0,0,0
42486,0.0,23.191582,0,0,0,0,0,nan,nan,0,0,0
42487,0.0,23.740898,0,0,0,0,0,nan,nan,0,0,0
42488,0.0,24.839531,0,0,0,0,0,nan,nan,0,0,0
42489,0.0,22.642265,0,0,0,0,0,nan,nan,0,0,0
42490,0.0,20.994316,0,0,0,0,0,nan,nan,0,0,0
42491,0.0,23.191582,0,0,0,0,0,nan,nan,0,0,0
42492,0.0,23.191582,0,0,0,0,0,nan,nan,0,0,0
42493,0.0,23.740898,0,0,0,0,0,nan,nan,0,0,0
42494,0.0,23.191582,0,0,0,0,0,nan,nan,0,0,0
42495,0.0,22.642265,0,0,0,0,0,nan,nan,0,0,0
42496,0.0,23.740898,0,0,0,0,0,nan,nan,0,0,0
42497,0.0,23.191582,0,0,0,0,0,nan,nan,0,0,0
42498,0.0,22.642265,0,0,0,0,0,nan,nan,0,0,0
42499,0.0,22.642265,0,0,0,0,0,nan,nan,nan,nan,nan
42500,0.0,21.543633,0,0,0,0,0,nan,nan,nan,nan,nan
42501,0.0,23.191582,0,0,0,0,0,nan,nan,nan,nan,nan
42502,0.0,23.191582,0,0,0,0,0,nan,nan,nan,nan,nan
42503,0.0,21.543633,0,0,0,0,0,nan,nan,nan,nan,nan
42504,0.0,22.642265,0,0,0,0,0,nan,nan,nan,nan,nan
42505,0.0,23.191582,0,0,0,0,0,nan,nan,nan,nan,nan
42506,0.0,23.740898,0,0,0,0,0,nan,nan,nan,nan,nan
42507,0.0,23.740898,0,0,0,0,0,nan,nan,nan,nan,nan
42508,0.0,23.191582,0,0,0,0,0,nan,nan,nan,nan,nan
42509,0.0,23.191582,0,0,0,0,0,nan,nan,nan,nan,nan
42510,0.0,23.740898,0,0,0,0,0,nan,nan,nan,nan,nan
42511,0.0,24.290215,0,0,0,0,0,nan,nan,nan,nan,nan
42512,0.0,23.740898,0,0,0,0,0,nan,nan,nan,nan,nan
42513,0.0,21.543633,0,0,0,0,0,nan,nan,nan,nan,nan
42514,0.0,23.191582,0,0,0,0,0,nan,nan,nan,nan,nan
42515,0.0,22.642265,0,0,0,0,0,nan,nan,nan,nan,nan
42516,0.0,22.642265,0,0,0,0,0,nan,nan,nan,nan,nan
42517,0.0,25.388847,0,0,0,0,0,nan,nan,nan,nan,nan
42518,0.0,23.191582,0,0,0,0,0,nan,nan,nan,nan,nan
42519,0.0,23.191582,0,0,0,0,0,nan,nan,nan,nan,nan
42520,0.0,21.543633,0,0,0,0,0,nan,nan,nan,nan,nan
42521,0.0,24.290215,0,0,0,0,0,nan,nan,nan,nan,nan
42522,0.0,24.839531,0,0,0,0,0,nan,nan,nan,nan,nan
42523,0.0,23.740898,0,0,0,0,0,nan,nan,nan,nan,nan
42524,0.0,22.092949,0,0,0,0,0,nan,nan,nan,nan,nan
42525,0.0,22.092949,0,0,0,0,0,nan,nan,nan,nan,nan
42526,0.0,23.740898,0,0,0,0,0,nan,nan,nan,nan,nan
42527,0.0,23.191582,0,0,0,0,0,nan,nan,nan,nan,nan
42528,0.0,23.740898,0,0,0,0,0,nan,nan,nan,nan,nan
42529,0.0,23.191582,0,0,0,0,0,nan,nan,nan,nan,nan
42530,0.0,24.290215,0,0,0,0,0,nan,nan,nan,nan,nan
42531,0.0,23.191582,0,0,0,0,0,nan,nan,nan,nan,nan
42532,0.0,20.994316,0,0,0,0,0,nan,nan,nan,nan,nan
42533,0.0,24.290215,0,0,0,0,0,nan,nan,nan,nan,nan
42534,0.0,24.290215,0,0,0,0,0,nan,nan,nan,nan,nan
42535,0.0,22.642265,0,0,0,0,0,nan,nan,nan,nan,nan
42536,0.0,24.290215,0,0,0,0,0,nan,nan,nan,nan,nan
42537,0.0,22.642265,0,0,0,0,0,nan,nan,nan,nan,nan
42538,0.0,24.290215,0,0,0,0,0,nan,nan,nan,nan,nan
42539,0.0,23.191582,0,0,0,0,0,nan,nan,nan,nan,nan
42540,0.0,23.191582,0,0,0,0,0,nan,nan,nan,nan,nan
42541,0.0,23.740898,0,0,0,0,0,nan,nan,nan,nan,nan
42542,0.0,23.740898,0,0,0,0,0,nan,nan,nan,nan,nan
42543,0.0,23.740898,0,0,0,0,0,nan,nan,nan,nan,nan
42544,0.0,22.642265,0,0,0,0,0,nan,nan,nan,nan,nan
42545,0.0,23.191582,0,0,0,0,0,nan,nan,nan,nan,nan
42546,0.0,23.191582,0,0,0,0,0,nan,nan,nan,nan,nan
42547,0.0,22.642265,0,0,0,0,0,nan,nan,nan,nan,nan
42548,0.0,22.642265,0,0,0,0,0,nan,nan,nan,nan,nan
42549,0.0,21.543633,0,0,0,0,0,nan,nan,nan,nan,nan
42550,0.0,24.290215,0,0,0,0,0,nan,nan,nan,nan,nan
42551,0.0,22.092949,0,0,0,0,0,nan,nan,nan,nan,nan
42552,0.0,22.092949,0,0,0,0,0,nan,nan,nan,nan,nan
42553,0.0,23.191582,0,0,0,0,0,nan,nan,nan,nan,nan
42554,0.0,23.191582,0,0,0,0,0,nan,nan,nan,nan,nan
42555,0.0,22.642265,0,0,0,0,0,nan,nan,nan,nan,nan
42556,0.0,22.092949,0,0,0,0,0,nan,nan,0,0,0
42557,0.0,23.191582,0,0,0,0,0,nan,nan,nan,nan,nan
42558,0.0,23.191582,0,0,0,0,0,nan,nan,nan,nan,nan
42559,0.0,23.191582,0,0,0,0,0,nan,nan,nan,nan,nan
42560,0.0,27.036797,0,0,0,0,0,nan,nan,nan,nan,nan
42561,0.0,23.191582,0,0,0,0,0,nan,nan,nan,nan,nan
42562,0.0,23.191582,0,0,0,0,0,nan,nan,nan,nan,nan
42563,0.0,23.740898,0,0,0,0,0,nan,nan,nan,nan,nan
42564,0.0,21.543633,0,0,0,0,0,nan,nan,nan,nan,nan
42565,0.0,23.740898,0,0,0,0,0,nan,nan,nan,nan,nan
42566,0.0,19.895683,0,0,0,0,0,nan,nan,nan,nan,nan
42567,0.0,23.191582,0,0,0,0,0,nan,nan,nan,nan,nan
42568,0.0,22.642265,0,0,0,0,0,nan,nan,nan,nan,nan
42569,0.0,22.642265,0,0,0,0,0,nan,nan,0,0,0
42570,0.0,22.642265,0,0,0,0,0,nan,nan,nan,nan,nan
42571,0.0,25.388847,0,0,0,0,0,nan,nan,nan,nan,nan
42572,0.0,23.191582,0,0,0,0,0,nan,nan,nan,nan,nan
42573,0.0,21.543633,0,0,0,0,0,nan,nan,nan,nan,nan
42574,0.0,23.191582,0,0,0,0,0,nan,nan,nan,nan,nan
42575,0.0,23.191582,0,0,0,0,0,nan,nan,nan,nan,nan
42576,0.0,20.994316,0,0,0,0,0,nan,nan,nan,nan,nan
42577,0.0,22.642265,0,0,0,0,0,nan,nan,nan,nan,nan
42578,0.0,23.191582,0,0,0,0,0,nan,nan,nan,nan,nan
42579,0.0,23.191582,0,0,0,0,0,nan,nan,nan,nan,nan
42580,0.0,23.191582,0,0,0,0,0,nan,nan,nan,nan,nan
42581,0.0,23.740898,0,0,0,0,0,nan,nan,nan,nan,nan
42582,0.0,24.290215,0,0,0,0,0,nan,nan,nan,nan,nan
42583,0.0,22.642265,0,0,0,0,0,nan,nan,nan,nan,nan
42584,0.0,22.642265,0,0,0,0,0,nan,nan,nan,nan,nan
42585,0.0,22.642265,0,0,0,0,0,nan,nan,0,0,0
42586,0.0,23.740898,0,0,0,0,0,nan,nan,nan,nan,nan
42587,0.0,23.191582,0,0,0,0,0,nan,nan,nan,nan,nan
42588,0.0,23.191582,0,0,0,0,0,nan,nan,nan,nan,nan
42589,0.0,22.642265,0,0,0,0,0,nan,nan,nan,nan,nan
42590,0.0,23.191582,0,0,0,0,0,nan,nan,nan,nan,nan
42591,0.0,22.092949,0,0,0,0,0,nan,nan,nan,nan,nan
42592,0.0,24.839531,0,0,0,0,0,nan,nan,nan,nan,nan
42593,0.0,23.191582,0,0,0,0,0,nan,nan,nan,nan,nan
42594,0.0,23.191582,0,0,0,0,0,nan,nan,nan,nan,nan
42595,0.0,22.092949,0,0,0,0,0,nan,nan,nan,nan,nan
42596,20.525211,23.740898,0,0,0,0,0,nan,nan,nan,nan,nan
42597,0.0,22.092949,0,0,0,0,0,nan,nan,nan,nan,nan
42598,0.0,24.290215,0,0,0,0,0,nan,nan,nan,nan,nan
42599,0.0,23.740898,0,0,0,0,0,nan,nan,nan,nan,nan
42600,0.0,22.092949,0,0,0,0,0,nan,nan,nan,nan,nan
42601,0.0,22.642265,0,0,0,0,0,nan,nan,nan,nan,nan
42602,0.0,22.642265,0,0,0,0,0,nan,nan,0,0,0
42603,0.0,22.642265,0,0,0,0,0,nan,nan,nan,nan,nan
42604,0.0,25.388847,0,0,0,0,0,nan,nan,nan,nan,nan
42605,0.0,21.543633,0,0,0,0,0,nan,nan,nan,nan,nan
42606,0.0,23.191582,0,0,0,0,0,nan,nan,nan,nan,nan
42607,0.0,23.191582,0,0,0,0,0,nan,nan,nan,nan,nan
42608,0.0,22.642265,0,0,0,0,0,nan,nan,nan,nan,nan
42609,0.0,22.642265,0,0,0,0,0,nan,nan,nan,nan,nan
42610,0.0,23.191582,0,0,0,0,0,nan,nan,nan,nan,nan
42611,0.0,23.191582,0,0,0,0,0,nan,nan,nan,nan,nan
42612,0.0,23.191582,0,0,0,0,0,nan,nan,nan,nan,nan
42613,0.0,22.092949,0,0,0,0,0,nan,nan,nan,nan,nan
42614,0.0,23.191582,0,0,0,0,0,nan,nan,nan,nan,nan
42615,0.0,23.740898,0,0,0,0,0,nan,nan,nan,nan,nan
42616,0.0,23.740898,0,0,0,0,0,nan,nan,0,0,0
42617,0.0,24.290215,0,0,0,0,0,nan,nan,nan,nan,nan
42618,0.0,0.0,0,0,0,0,0,nan,nan,nan,nan,nan
42619,0.0,23.191582,0,0,0,0,0,nan,nan,nan,nan,nan
42620,0.0,23.191582,0,0,0,0,0,nan,nan,nan,nan,nan
42621,0.0,23.191582,0,0,0,0,0,nan,nan,nan,nan,nan
42622,0.0,24.839531,0,0,0,0,0,nan,nan,nan,nan,nan
42623,0.0,24.290215,0,0,0,0,0,nan,nan,nan,nan,nan
42624,0.0,22.092949,0,0,0,0,0,nan,nan,nan,nan,nan
42625,0.0,23.740898,0,0,0,0,0,nan,nan,nan,nan,nan
42626,0.0,24.290215,0,0,0,0,0,nan,nan,nan,nan,nan
42627,0.0,22.092949,0,0,0,0,0,nan,nan,nan,nan,nan
42628,0.0,22.642265,0,0,0,0,0,nan,nan,nan,nan,nan
42629,0.0,23.191582,0,0,0,0,0,nan,nan,nan,nan,nan
42630,0.0,23.191582,0,0,0,0,0,nan,nan,nan,nan,nan
42631,0.0,22.642265,0,0,0,0,0,nan,nan,nan,nan,nan
42632,0.0,23.191582,0,0,0,0,0,nan,nan,0,0,0
42633,0.0,24.290215,0,0,0,0,0,nan,nan,nan,nan,nan
42634,0.0,23.191582,0,0,0,0,0,nan,nan,nan,nan,nan
42635,0.0,23.191582,0,0,0,0,0,nan,nan,nan,nan,nan
42636,0.0,23.191582,0,0,0,0,0,nan,nan,nan,nan,nan
42637,0.0,22.642265,0,0,0,0,0,nan,nan,nan,nan,nan
42638,0.0,23.191582,0,0,0,0,0,nan,nan,nan,nan,nan
42639,0.0,23.740898,0,0,0,0,0,nan,nan,nan,nan,nan
42640,0.0,25.388847,0,0,0,0,0,nan,nan,nan,nan,nan
42641,0.0,21.543633,0,0,0,0,0,nan,nan,nan,nan,nan
42642,0.0,23.191582,0,0,0,0,0,nan,nan,nan,nan,nan
42643,0.0,23.740898,0,0,0,0,0,nan,nan,nan,nan,nan
42644,0.0,24.290215,0,0,0,0,0,nan,nan,nan,nan,nan
42645,0.0,24.290215,0,0,0,0,0,nan,nan,nan,nan,nan
42646,0.0,23.740898,0,0,0,0,0,nan,nan,nan,nan,nan
42647,0.0,22.092949,0,0,0,0,0,nan,nan,nan,nan,nan
42648,0.0,22.092949,0,0,0,0,0,nan,nan,nan,nan,nan
42649,0.0,22.092949,0,0,0,0,0,nan,nan,0,0,0
42650,0.0,21.543633,0,0,0,0,0,nan,nan,nan,nan,nan
42651,0.0,23.191582,0,0,0,0,0,nan,nan,nan,nan,nan
42652,0.0,22.642265,0,0,0,0,0,nan,nan,nan,nan,nan
42653,0.0,22.092949,0,0,0,0,0,nan,nan,nan,nan,nan
42654,0.0,23.740898,0,0,0,0,0,nan,nan,nan,nan,nan
42655,0.0,24.290215,0,0,0,0,0,nan,nan,nan,nan,nan
42656,0.0,23.191582,0,0,0,0,0,nan,nan,nan,nan,nan
42657,0.0,23.191582,0,0,0,0,0,nan,nan,nan,nan,nan
42658,0.0,24.290215,0,0,0,0,0,nan,nan,nan,nan,nan
42659,0.0,22.092949,0,0,0,0,0,nan,nan,nan,nan,nan
42660,0.0,24.290215,0,0,0,0,0,nan,nan,nan,nan,nan
42661,0.0,23.740898,0,0,0,0,0,nan,nan,nan,nan,nan
42662,0.0,22.642265,0,0,0,0,0,nan,nan,nan,nan,nan
42663,0.0,22.092949,0,0,0,0,0,nan,nan,0,0,0
42664,0.0,23.740898,0,0,0,0,0,nan,nan,nan,nan,nan
42665,0.0,23.191582,0,0,0,0,0,nan,nan,nan,nan,nan
42666,0.0,22.642265,0,0,0,0,0,nan,nan,nan,nan,nan
42667,0.0,24.290215,0,0,0,0,0,nan,nan,nan,nan,nan
42668,0.0,22.642265,0,0,0,0,0,nan,nan,nan,nan,nan
42669,0.0,22.642265,0,0,0,0,0,nan,nan,nan,nan,nan
42670,0.0,24.290215,0,0,0,0,0,nan,nan,nan,nan,nan
42671,0.0,22.642265,0,0,0,0,0,nan,nan,nan,nan,nan
42672,0.0,22.092949,0,0,0,0,0,nan,nan,nan,nan,nan
42673,0.0,23.191582,0,0,0,0,0,nan,nan,nan,nan,nan
42674,0.0,23.191582,0,0,0,0,0,nan,nan,nan,nan,nan
42675,0.0,22.642265,0,0,0,0,0,nan,nan,nan,nan,nan
42676,0.0,24.290215,0,0,0,0,0,nan,nan,nan,nan,nan
42677,0.0,24.290215,0,0,0,0,0,nan,nan,nan,nan,nan
42678,0.0,24.290215,0,0,0,0,0,nan,nan,nan,nan,nan
42679,0.0,23.191582,0,0,0,0,0,nan,nan,nan,nan,nan
42680,0.0,22.092949,0,0,0,0,0,nan,nan,0,0,0
42681,0.0,21.543633,0,0,0,0,0,nan,nan,nan,nan,nan
42682,0.0,25.388847,0,0,0,0,0,nan,nan,nan,nan,nan
42683,0.0,24.839531,0,0,0,0,0,nan,nan,nan,nan,nan
42684,0.0,23.191582,0,0,0,0,0,nan,nan,nan,nan,nan
42685,0.0,23.191582,0,0,0,0,0,nan,nan,nan,nan,nan
42686,0.0,20.994316,0,0,0,0,0,nan,nan,nan,nan,nan
42687,0.0,23.740898,0,0,0,0,0,nan,nan,nan,nan,nan
42688,0.0,25.938164,0,0,0,0,0,nan,nan,nan,nan,nan
42689,0.0,23.191582,0,0,0,0,0,nan,nan,nan,nan,nan
42690,0.0,23.191582,0,0,0,0,0,nan,nan,nan,nan,nan
42691,0.0,24.290215,0,0,0,0,0,nan,nan,nan,nan,nan
42692,0.0,24.839531,0,0,0,0,0,nan,nan,nan,nan,nan
42693,0.0,23.191582,0,0,0,0,0,nan,nan,nan,nan,nan
42694,0.0,24.290215,0,0,0,0,0,nan,nan,nan,nan,nan
42695,0.0,21.543633,0,0,0,0,0,nan,nan,nan,nan,nan
42696,0.0,20.994316,0,0,0,0,0,nan,nan,nan,nan,nan
42697,0.0,22.642265,0,0,0,0,0,nan,nan,nan,nan,nan
42698,0.0,24.290215,0,0,0,0,0,nan,nan,0,0,0
42699,0.0,23.191582,0,0,0,0,0,nan,nan,nan,nan,nan
42700,0.0,23.191582,0,0,0,0,0,nan,nan,nan,nan,nan
42701,0.0,24.839531,0,0,0,0,0,nan,nan,nan,nan,nan
42702,0.0,24.290215,0,0,0,0,0,nan,nan,nan,nan,nan
42703,0.0,23.191582,0,0,0,0,0,nan,nan,nan,nan,nan
42704,0.0,23.191582,0,0,0,0,0,nan,nan,nan,nan,nan
42705,0.0,20.994316,0,0,0,0,0,nan,nan,nan,nan,nan
42706,0.0,22.092949,0,0,0,0,0,nan,nan,nan,nan,nan
42707,0.0,23.191582,0,0,0,0,0,nan,nan,nan,nan,nan
42708,0.0,23.191582,0,0,0,0,0,nan,nan,nan,nan,nan
42709,0.0,22.642265,0,0,0,0,0,nan,nan,nan,nan,nan
42710,0.0,22.092949,0,0,0,0,0,nan,nan,nan,nan,nan
42711,0.0,24.290215,0,0,0,0,0,nan,nan,nan,nan,nan
42712,0.0,24.290215,0,0,0,0,0,nan,nan,0,0,0
42713,0.0,22.092949,0,0,0,0,0,nan,nan,nan,nan,nan
42714,0.0,23.740898,0,0,0,0,0,nan,nan,nan,nan,nan
42715,0.0,22.092949,0,0,0,0,0,nan,nan,nan,nan,nan
42716,0.0,22.642265,0,0,0,0,0,nan,nan,nan,nan,nan
42717,0.0,22.642265,0,0,0,0,0,nan,nan,nan,nan,nan
42718,0.0,24.290215,0,0,0,0,0,nan,nan,nan,nan,nan
42719,0.0,23.191582,0,0,0,0,0,nan,nan,nan,nan,nan
42720,0.0,22.092949,0,0,0,0,0,nan,nan,nan,nan,nan
42721,0.0,23.191582,0,0,0,0,0,nan,nan,nan,nan,nan
42722,0.0,23.191582,0,0,0,0,0,nan,nan,nan,nan,nan
42723,0.0,23.191582,0,0,0,0,0,nan,nan,nan,nan,nan
42724,0.0,24.839531,0,0,0,0,0,nan,nan,nan,nan,nan
42725,0.0,22.092949,0,0,0,0,0,nan,nan,nan,nan,nan
42726,0.0,25.388847,0,0,0,0,0,nan,nan,nan,nan,nan
42727,0.0,22.092949,0,0,0,0,0,nan,nan,nan,nan,nan
42728,0.0,23.740898,0,0,0,0,0,nan,nan,0,0,0
42729,0.0,22.642265,0,0,0,0,0,nan,nan,nan,nan,nan
42730,0.0,24.290215,0,0,0,0,0,nan,nan,nan,nan,nan
42731,0.0,24.290215,0,0,0,0,0,nan,nan,nan,nan,nan
42732,0.0,23.191582,0,0,0,0,0,nan,nan,nan,nan,nan
42733,0.0,22.642265,0,0,0,0,0,nan,nan,nan,nan,nan
42734,0.0,22.092949,0,0,0,0,0,nan,nan,nan,nan,nan
42735,0.0,23.740898,0,0,0,0,0,nan,nan,nan,nan,nan
42736,0.0,24.839531,0,0,0,0,0,nan,nan,nan,nan,nan
42737,0.0,23.740898,0,0,0,0,0,nan,nan,nan,nan,nan
42738,0.0,22.642265,0,0,0,0,0,nan,nan,nan,nan,nan
42739,0.0,21.543633,0,0,0,0,0,nan,nan,nan,nan,nan
42740,0.0,24.290215,0,0,0,0,0,nan,nan,nan,nan,nan
42741,0.0,25.388847,0,0,0,0,0,nan,nan,nan,nan,nan
42742,0.0,24.839531,0,0,0,0,0,nan,nan,nan,nan,nan
42743,0.0,23.191582,0,0,0,0,0,nan,nan,nan,nan,nan
42744,0.0,22.092949,0,0,0,0,0,nan,nan,nan,nan,nan
42745,0.0,22.092949,0,0,0,0,0,nan,nan,nan,nan,nan
42746,0.0,23.740898,0,0,0,0,0,nan,nan,0,0,0
42747,0.0,25.388847,0,0,0,0,0,nan,nan,nan,nan,nan
42748,0.0,23.740898,0,0,0,0,0,nan,nan,nan,nan,nan
42749,0.0,22.092949,0,0,0,0,0,nan,nan,nan,nan,nan
42750,0.0,22.642265,0,0,0,0,0,nan,nan,nan,nan,nan
42751,0.0,23.191582,0,0,0,0,0,nan,nan,nan,nan,nan
42752,0.0,24.290215,0,0,0,0,0,nan,nan,nan,nan,nan
42753,0.0,24.290215,0,0,0,0,0,nan,nan,nan,nan,nan
42754,0.0,23.740898,0,0,0,0,0,nan,nan,nan,nan,nan
42755,0.0,23.191582,0,0,0,0,0,nan,nan,nan,nan,nan
42756,0.0,23.191582,0,0,0,0,0,nan,nan,nan,nan,nan
42757,0.0,23.740898,0,0,0,0,0,nan,nan,nan,nan,nan
42758,0.0,23.740898,0,0,0,0,0,nan,nan,nan,nan,nan
42759,0.0,23.191582,0,0,0,0,0,nan,nan,nan,nan,nan
42760,0.0,22.092949,0,0,0,0,0,nan,nan,0,0,0
42761,0.0,22.642265,0,0,0,0,0,nan,nan,nan,nan,nan
42762,0.0,22.642265,0,0,0,0,0,nan,nan,nan,nan,nan
42763,0.0,22.642265,0,0,0,0,0,nan,nan,nan,nan,nan
42764,0.0,22.092949,0,0,0,0,0,nan,nan,nan,nan,nan
42765,0.0,23.191582,0,0,0,0,0,nan,nan,nan,nan,nan
42766,0.0,24.290215,0,0,0,0,0,nan,nan,nan,nan,nan
42767,0.0,22.642265,0,0,0,0,0,nan,nan,nan,nan,nan
42768,0.0,23.740898,0,0,0,0,0,nan,nan,nan,nan,nan
42769,0.0,23.191582,0,0,0,0,0,nan,nan,nan,nan,nan
42770,0.0,23.191582,0,0,0,0,0,nan,nan,nan,nan,nan
42771,0.0,23.191582,0,0,0,0,0,nan,nan,nan,nan,nan
42772,0.0,23.191582,0,0,0,0,0,nan,nan,nan,nan,nan
42773,0.0,22.092949,0,0,0,0,0,nan,nan,nan,nan,nan
42774,0.0,23.191582,0,0,0,0,0,nan,nan,nan,nan,nan
42775,0.0,22.092949,0,0,0,0,0,nan,nan,nan,nan,nan
42776,0.0,22.642265,0,0,0,0,0,nan,nan,nan,nan,nan
42777,0.0,24.290215,0,0,0,0,0,nan,nan,0,0,0
42778,0.0,23.740898,0,0,0,0,0,nan,nan,nan,nan,nan
42779,0.0,23.191582,0,0,0,0,0,nan,nan,nan,nan,nan
42780,0.0,25.938164,0,0,0,0,0,nan,nan,nan,nan,nan
42781,0.0,22.642265,0,0,0,0,0,nan,nan,nan,nan,nan
42782,0.0,22.642265,0,0,0,0,0,nan,nan,nan,nan,nan
42783,0.0,22.642265,0,0,0,0,0,nan,nan,nan,nan,nan
42784,0.0,23.191582,0,0,0,0,0,nan,nan,nan,nan,nan
42785,0.0,23.740898,0,0,0,0,0,nan,nan,nan,nan,nan
42786,0.0,23.191582,0,0,0,0,0,nan,nan,nan,nan,nan
42787,0.0,21.543633,0,0,0,0,0,nan,nan,nan,nan,nan
42788,0.0,21.543633,0,0,0,0,0,nan,nan,nan,nan,nan
42789,0.0,23.740898,0,0,0,0,0,nan,nan,nan,nan,nan
42790,0.0,23.740898,0,0,0,0,0,nan,nan,nan,nan,nan
42791,0.0,24.839531,0,0,0,0,0,nan,nan,nan,nan,nan
42792,0.0,23.191582,0,0,0,0,0,nan,nan,nan,nan,nan
42793,0.0,20.994316,0,0,0,0,0,nan,nan,nan,nan,nan
42794,0.0,23.191582,0,0,0,0,0,nan,nan,nan,nan,nan
42795,0.0,23.740898,0,0,0,0,0,nan,nan,0,0,0
42796,0.0,24.290215,0,0,0,0,0,nan,nan,nan,nan,nan
42797,0.0,23.191582,0,0,0,0,0,nan,nan,nan,nan,nan
42798,0.0,23.191582,0,0,0,0,0,nan,nan,nan,nan,nan
42799,0.0,21.543633,0,0,0,0,0,nan,nan,nan,nan,nan
42800,0.0,23.191582,0,0,0,0,0,nan,nan,nan,nan,nan
42801,0.0,22.092949,0,0,0,0,0,nan,nan,nan,nan,nan
42802,0.0,22.092949,0,0,0,0,0,nan,nan,nan,nan,nan
42803,0.0,21.543633,0,0,0,0,0,nan,nan,nan,nan,nan
42804,0.0,23.740898,0,0,0,0,0,nan,nan,nan,nan,nan
42805,0.0,23.191582,0,0,0,0,0,nan,nan,nan,nan,nan
42806,0.0,22.642265,0,0,0,0,0,nan,nan,nan,nan,nan
42807,0.0,23.191582,0,0,0,0,0,nan,nan,nan,nan,nan
42808,0.0,22.092949,0,0,0,0,0,nan,nan,nan,nan,nan
42809,0.0,22.092949,0,0,0,0,0,nan,nan,nan,nan,nan
42810,0.0,23.740898,0,0,0,0,0,nan,nan,0,0,0
42811,0.0,25.388847,0,0,0,0,0,nan,nan,nan,nan,nan
42812,0.0,22.642265,0,0,0,0,0,nan,nan,nan,nan,nan
42813,0.0,22.642265,0,0,0,0,0,nan,nan,nan,nan,nan
42814,0.0,23.191582,0,0,0,0,0,nan,nan,nan,nan,nan
42815,0.0,23.191582,0,0,0,0,0,nan,nan,nan,nan,nan
42816,0.0,24.290215,0,0,0,0,0,nan,nan,nan,nan,nan
42817,0.0,22.092949,0,0,0,0,0,nan,nan,nan,nan,nan
42818,0.0,22.642265,0,0,0,0,0,nan,nan,nan,nan,nan
42819,0.0,22.642265,0,0,0,0,0,nan,nan,nan,nan,nan
42820,0.0,22.642265,0,0,0,0,0,nan,nan,nan,nan,nan
42821,0.0,23.191582,0,0,0,0,0,nan,nan,nan,nan,nan
42822,0.0,23.191582,0,0,0,0,0,nan,nan,nan,nan,nan
42823,0.0,24.290215,0,0,0,0,0,nan,nan,nan,nan,nan
42824,0.0,24.290215,0,0,0,0,0,nan,nan,nan,nan,nan
42825,0.0,23.740898,0,0,0,0,0,nan,nan,nan,nan,nan
42826,0.0,24.290215,0,0,0,0,0,nan,nan,nan,nan,nan
42827,0.0,22.092949,0,0,0,0,0,nan,nan,0,0,0
42828,0.0,23.191582,0,0,0,0,0,nan,nan,nan,nan,nan
42829,0.0,23.740898,0,0,0,0,0,nan,nan,nan,nan,nan
42830,0.0,24.290215,0,0,0,0,0,nan,nan,nan,nan,nan
42831,0.0,23.191582,0,0,0,0,0,nan,nan,nan,nan,nan
42832,0.0,22.642265,0,0,0,0,0,nan,nan,nan,nan,nan
42833,0.0,23.191582,0,0,0,0,0,nan,nan,nan,nan,nan
42834,0.0,22.642265,0,0,0,0,0,nan,nan,nan,nan,nan
42835,0.0,22.092949,0,0,0,0,0,nan,nan,nan,nan,nan
42836,0.0,23.740898,0,0,0,0,0,nan,nan,nan,nan,nan
42837,0.0,23.191582,0,0,0,0,0,nan,nan,nan,nan,nan
42838,0.0,23.740898,0,0,0,0,0,nan,nan,nan,nan,nan
42839,0.0,23.191582,0,0,0,0,0,nan,nan,nan,nan,nan
42840,0.0,22.642265,0,0,0,0,0,nan,nan,nan,nan,nan
42841,0.0,23.191582,0,0,0,0,0,nan,nan,nan,nan,nan
42842,0.0,23.740898,0,0,0,0,0,nan,nan,nan,nan,nan
42843,0.0,23.191582,0,0,0,0,0,nan,nan,nan,nan,nan
42844,0.0,22.642265,0,0,0,0,0,nan,nan,nan,nan,nan
42845,0.0,23.740898,0,0,0,0,0,nan,nan,0,0,0
42846,0.0,24.839531,0,0,0,0,0,nan,nan,nan,nan,nan
42847,0.0,22.642265,0,0,0,0,0,nan,nan,nan,nan,nan
42848,0.0,22.642265,0,0,0,0,0,nan,nan,nan,nan,nan
42849,0.0,23.191582,0,0,0,0,0,nan,nan,nan,nan,nan
42850,0.0,24.290215,0,0,0,0,0,nan,nan,nan,nan,nan
42851,0.0,23.191582,0,0,0,0,0,nan,nan,nan,nan,nan
42852,0.0,23.191582,0,0,0,0,0,nan,nan,nan,nan,nan
42853,0.0,23.191582,0,0,0,0,0,nan,nan,nan,nan,nan
42854,0.0,23.191582,0,0,0,0,0,nan,nan,nan,nan,nan
42855,0.0,23.191582,0,0,0,0,0,nan,nan,nan,nan,nan
42856,0.0,23.191582,0,0,0,0,0,nan,nan,nan,nan,nan
42857,0.0,23.191582,0,0,0,0,0,nan,nan,nan,nan,nan
42858,0.0,23.191582,0,0,0,0,0,nan,nan,nan,nan,nan
42859,0.0,22.642265,0,0,0,0,0,nan,nan,nan,nan,nan
42860,0.0,22.642265,0,0,0,0,0,nan,nan,0,0,0
42861,0.0,22.642265,0,0,0,0,0,nan,nan,nan,nan,nan
42862,0.0,24.290215,0,0,0,0,0,nan,nan,nan,nan,nan
42863,0.0,24.839531,0,0,0,0,0,nan,nan,nan,nan,nan
42864,0.0,24.290215,0,0,0,0,0,nan,nan,nan,nan,nan
42865,0.0,23.191582,0,0,0,0,0,nan,nan,nan,nan,nan
42866,0.0,24.290215,0,0,0,0,0,nan,nan,nan,nan,nan
42867,0.0,22.092949,0,0,0,0,0,nan,nan,nan,nan,nan
42868,0.0,23.191582,0,0,0,0,0,nan,nan,nan,nan,nan
42869,0.0,22.642265,0,0,0,0,0,nan,nan,nan,nan,nan
42870,0.0,21.543633,0,0,0,0,0,nan,nan,nan,nan,nan
42871,0.0,23.191582,0,0,0,0,0,nan,nan,nan,nan,nan
42872,0.0,24.290215,0,0,0,0,0,nan,nan,nan,nan,nan
42873,0.0,23.740898,0,0,0,0,0,nan,nan,nan,nan,nan
42874,0.0,23.191582,0,0,0,0,0,nan,nan,nan,nan,nan
42875,0.0,22.092949,0,0,0,0,0,nan,nan,nan,nan,nan
42876,0.0,23.191582,0,0,0,0,0,nan,nan,nan,nan,nan
42877,0.0,24.290215,0,0,0,0,0,nan,nan,0,0,0
42878,0.0,24.290215,0,0,0,0,0,nan,nan,nan,nan,nan
42879,0.0,22.642265,0,0,0,0,0,nan,nan,nan,nan,nan
42880,0.0,22.092949,0,0,0,0,0,nan,nan,nan,nan,nan
42881,0.0,23.191582,0,0,0,0,0,nan,nan,nan,nan,nan
42882,0.0,24.839531,0,0,0,0,0,nan,nan,nan,nan,nan
42883,0.0,22.642265,0,0,0,0,0,nan,nan,nan,nan,nan
42884,0.0,24.290215,0,0,0,0,0,nan,nan,nan,nan,nan
42885,0.0,22.642265,0,0,0,0,0,nan,nan,nan,nan,nan
42886,0.0,22.092949,0,0,0,0,0,nan,nan,nan,nan,nan
42887,0.0,24.290215,0,0,0,0,0,nan,nan,nan,nan,nan
42888,0.0,24.290215,0,0,0,0,0,nan,nan,nan,nan,nan
42889,0.0,24.290215,0,0,0,0,0,nan,nan,nan,nan,nan
42890,0.0,23.191582,0,0,0,0,0,nan,nan,nan,nan,nan
42891,0.0,22.092949,0,0,0,0,0,nan,nan,nan,nan,nan
42892,0.0,22.092949,0,0,0,0,0,nan,nan,nan,nan,nan
42893,0.0,23.191582,0,0,0,0,0,nan,nan,nan,nan,nan
42894,0.0,24.290215,0,0,0,0,0,nan,nan,nan,nan,nan
42895,0.0,23.191582,0,0,0,0,0,nan,nan,0,0,0
42896,0.0,24.290215,0,0,0,0,0,nan,nan,nan,nan,nan
42897,0.0,22.642265,0,0,0,0,0,nan,nan,nan,nan,nan
42898,0.0,24.290215,0,0,0,0,0,nan,nan,nan,nan,nan
42899,0.0,24.290215,0,0,0,0,0,nan,nan,nan,nan,nan
42900,0.0,22.642265,0,0,0,0,0,nan,nan,nan,nan,nan
42901,0.0,22.642265,0,0,0,0,0,nan,nan,nan,nan,nan
42902,0.0,24.290215,0,0,0,0,0,nan,nan,nan,nan,nan
42903,0.0,24.290215,0,0,0,0,0,nan,nan,nan,nan,nan
42904,0.0,25.388847,0,0,0,0,0,nan,nan,nan,nan,nan
42905,0.0,22.092949,0,0,0,0,0,nan,nan,nan,nan,nan
42906,0.0,24.290215,0,0,0,0,0,nan,nan,nan,nan,nan
42907,0.0,22.092949,0,0,0,0,0,nan,nan,nan,nan,nan
42908,0.0,24.839531,0,0,0,0,0,nan,nan,nan,nan,nan
42909,0.0,22.092949,0,0,0,0,0,nan,nan,0,0,0
42910,0.0,23.191582,0,0,0,0,0,nan,nan,nan,nan,nan
42911,0.0,23.191582,0,0,0,0,0,nan,nan,nan,nan,nan
42912,0.0,22.642265,0,0,0,0,0,nan,nan,nan,nan,nan
42913,0.0,22.642265,0,0,0,0,0,nan,nan,nan,nan,nan
42914,0.0,22.642265,0,0,0,0,0,nan,nan,nan,nan,nan
42915,0.0,22.642265,0,0,0,0,0,nan,nan,nan,nan,nan
42916,0.0,25.938164,0,0,0,0,0,nan,nan,nan,nan,nan
42917,0.0,22.642265,0,0,0,0,0,nan,nan,nan,nan,nan
42918,0.0,23.191582,0,0,0,0,0,nan,nan,nan,nan,nan
42919,0.0,20.994316,0,0,0,0,0,nan,nan,nan,nan,nan
42920,0.0,24.290215,0,0,0,0,0,nan,nan,nan,nan,nan
42921,0.0,23.191582,0,0,0,0,0,nan,nan,nan,nan,nan
42922,0.0,24.290215,0,0,0,0,0,nan,nan,nan,nan,nan
42923,0.0,23.740898,0,0,0,0,0,nan,nan,nan,nan,nan
42924,0.0,22.642265,0,0,0,0,0,nan,nan,nan,nan,nan
42925,0.0,23.191582,0,0,0,0,0,nan,nan,0,0,0
42926,0.0,22.092949,0,0,0,0,0,nan,nan,nan,nan,nan
42927,0.0,23.191582,0,0,0,0,0,nan,nan,nan,nan,nan
42928,0.0,23.740898,0,0,0,0,0,nan,nan,nan,nan,nan
42929,0.0,20.994316,0,0,0,0,0,nan,nan,nan,nan,nan
42930,0.0,23.191582,0,0,0,0,0,nan,nan,nan,nan,nan
42931,0.0,23.740898,0,0,0,0,0,nan,nan,nan,nan,nan
42932,0.0,24.839531,0,0,0,0,0,nan,nan,nan,nan,nan
42933,0.0,23.191582,0,0,0,0,0,nan,nan,nan,nan,nan
42934,0.0,23.740898,0,0,0,0,0,nan,nan,nan,nan,nan
42935,0.0,23.740898,0,0,0,0,0,nan,nan,nan,nan,nan
42936,0.0,22.092949,0,0,0,0,0,nan,nan,nan,nan,nan
42937,0.0,24.839531,0,0,0,0,0,nan,nan,nan,nan,nan
42938,0.0,23.191582,0,0,0,0,0,nan,nan,nan,nan,nan
42939,0.0,23.191582,0,0,0,0,0,nan,nan,nan,nan,nan
42940,0.0,22.642265,0,0,0,0,0,nan,nan,nan,nan,nan
42941,0.0,23.191582,0,0,0,0,0,nan,nan,nan,nan,nan
42942,0.0,26.48748,0,0,0,0,0,nan,nan,nan,nan,nan
42943,0.0,23.191582,0,0,0,0,0,nan,nan,0,0,0
42944,0.0,22.642265,0,0,0,0,0,nan,nan,nan,nan,nan
42945,0.0,22.642265,0,0,0,0,0,nan,nan,nan,nan,nan
42946,0.0,23.191582,0,0,0,0,0,nan,nan,nan,nan,nan
42947,0.0,22.642265,0,0,0,0,0,nan,nan,nan,nan,nan
42948,0.0,23.740898,0,0,0,0,0,nan,nan,nan,nan,nan
42949,0.0,23.740898,0,0,0,0,0,nan,nan,nan,nan,nan
42950,0.0,24.290215,0,0,0,0,0,nan,nan,nan,nan,nan
42951,0.0,23.191582,0,0,0,0,0,nan,nan,nan,nan,nan
42952,0.0,22.092949,0,0,0,0,0,nan,nan,nan,nan,nan
42953,0.0,20.994316,0,0,0,0,0,nan,nan,nan,nan,nan
42954,0.0,23.191582,0,0,0,0,0,nan,nan,nan,nan,nan
42955,0.0,22.092949,0,0,0,0,0,nan,nan,nan,nan,nan
42956,0.0,23.191582,0,0,0,0,0,nan,nan,nan,nan,nan
42957,0.0,22.642265,0,0,0,0,0,nan,nan,0,0,0
42958,0.0,22.642265,0,0,0,0,0,nan,nan,nan,nan,nan
42959,0.0,22.092949,0,0,0,0,0,nan,nan,nan,nan,nan
42960,0.0,23.191582,0,0,0,0,0,nan,nan,nan,nan,nan
42961,0.0,23.740898,0,0,0,0,0,nan,nan,nan,nan,nan
42962,0.0,23.740898,0,0,0,0,0,nan,nan,nan,nan,nan
42963,0.0,22.642265,0,0,0,0,0,nan,nan,nan,nan,nan
42964,0.0,23.191582,0,0,0,0,0,nan,nan,nan,nan,nan
42965,0.0,23.191582,0,0,0,0,0,nan,nan,nan,nan,nan
42966,0.0,23.191582,0,0,0,0,0,nan,nan,nan,nan,nan
42967,0.0,25.938164,0,0,0,0,0,nan,nan,nan,nan,nan
42968,0.0,23.191582,0,0,0,0,0,nan,nan,nan,nan,nan
42969,0.0,22.092949,0,0,0,0,0,nan,nan,nan,nan,nan
42970,0.0,23.191582,0,0,0,0,0,nan,nan,nan,nan,nan
42971,0.0,23.191582,0,0,0,0,0,nan,nan,nan,nan,nan
42972,0.0,23.740898,0,0,0,0,0,nan,nan,nan,nan,nan
42973,0.0,22.642265,0,0,0,0,0,nan,nan,0,0,0
42974,0.0,24.290215,0,0,0,0,0,nan,nan,nan,nan,nan
42975,0.0,22.092949,0,0,0,0,0,nan,nan,nan,nan,nan
42976,0.0,23.191582,0,0,0,0,0,nan,nan,nan,nan,nan
42977,0.0,22.642265,0,0,0,0,0,nan,nan,nan,nan,nan
42978,0.0,23.191582,0,0,0,0,0,nan,nan,nan,nan,nan
42979,0.0,23.740898,0,0,0,0,0,nan,nan,nan,nan,nan
42980,0.0,24.290215,0,0,0,0,0,nan,nan,nan,nan,nan
42981,0.0,23.191582,0,0,0,0,0,nan,nan,nan,nan,nan
42982,0.0,24.290215,0,0,0,0,0,nan,nan,nan,nan,nan
42983,0.0,22.092949,0,0,0,0,0,nan,nan,nan,nan,nan
42984,0.0,25.938164,0,0,0,0,0,nan,nan,nan,nan,nan
42985,0.0,24.290215,0,0,0,0,0,nan,nan,nan,nan,nan
42986,0.0,24.290215,0,0,0,0,0,nan,nan,nan,nan,nan
42987,0.0,22.092949,0,0,0,0,0,nan,nan,nan,nan,nan
42988,0.0,23.740898,0,0,0,0,0,nan,nan,nan,nan,nan
42989,0.0,23.191582,0,0,0,0,0,nan,nan,0,0,0
42990,0.0,22.642265,0,0,0,0,0,nan,nan,nan,nan,nan
42991,0.0,22.092949,0,0,0,0,0,nan,nan,nan,nan,nan
42992,0.0,22.642265,0,0,0,0,0,nan,nan,nan,nan,nan
42993,0.0,22.642265,0,0,0,0,0,nan,nan,nan,nan,nan
42994,0.0,23.191582,0,0,0,0,0,nan,nan,nan,nan,nan
42995,0.0,21.543633,0,0,0,0,0,nan,nan,nan,nan,nan
42996,0.0,23.740898,0,0,0,0,0,nan,nan,nan,nan,nan
42997,0.0,23.191582,0,0,0,0,0,nan,nan,nan,nan,nan
42998,0.0,23.740898,0,0,0,0,0,nan,nan,nan,nan,nan
42999,0.0,23.191582,0,0,0,0,0,nan,nan,nan,nan,nan
43000,0.0,22.642265,0,0,0,0,0,nan,nan,nan,nan,nan
43001,0.0,23.191582,0,0,0,0,0,nan,nan,nan,nan,nan
43002,0.0,20.994316,0,0,0,0,0,nan,nan,nan,nan,nan
43003,0.0,23.191582,0,0,0,0,0,nan,nan,0,0,0
43004,0.0,20.994316,0,0,0,0,0,nan,nan,nan,nan,nan
43005,0.0,23.740898,0,0,0,0,0,nan,nan,nan,nan,nan
43006,0.0,24.290215,0,0,0,0,0,nan,nan,nan,nan,nan
43007,0.0,22.092949,0,0,0,0,0,nan,nan,nan,nan,nan
43008,0.0,22.642265,0,0,0,0,0,nan,nan,nan,nan,nan
43009,0.0,23.740898,0,0,0,0,0,nan,nan,nan,nan,nan
43010,0.0,22.642265,0,0,0,0,0,nan,nan,nan,nan,nan
43011,0.0,22.642265,0,0,0,0,0,nan,nan,nan,nan,nan
43012,0.0,22.642265,0,0,0,0,0,nan,nan,nan,nan,nan
43013,0.0,22.642265,0,0,0,0,0,nan,nan,nan,nan,nan
43014,0.0,22.092949,0,0,0,0,0,nan,nan,nan,nan,nan
43015,0.0,22.642265,0,0,0,0,0,nan,nan,nan,nan,nan
43016,0.0,24.290215,0,0,0,0,0,nan,nan,nan,nan,nan
43017,0.0,23.191582,0,0,0,0,0,nan,nan,nan,nan,nan
43018,0.0,24.290215,0,0,0,0,0,nan,nan,nan,nan,nan
43019,0.0,23.191582,0,0,0,0,0,nan,nan,0,0,0
43020,0.0,24.839531,0,0,0,0,0,nan,nan,nan,nan,nan
43021,0.0,22.642265,0,0,0,0,0,nan,nan,nan,nan,nan
43022,0.0,22.642265,0,0,0,0,0,nan,nan,nan,nan,nan
43023,0.0,22.642265,0,0,0,0,0,nan,nan,nan,nan,nan
43024,0.0,23.191582,0,0,0,0,0,nan,nan,nan,nan,nan
43025,0.0,23.191582,0,0,0,0,0,nan,nan,nan,nan,nan
43026,0.0,22.092949,0,0,0,0,0,nan,nan,nan,nan,nan
43027,0.0,23.191582,0,0,0,0,0,nan,nan,nan,nan,nan
43028,0.0,23.191582,0,0,0,0,0,nan,nan,nan,nan,nan
43029,0.0,23.191582,0,0,0,0,0,nan,nan,nan,nan,nan
43030,0.0,24.290215,0,0,0,0,0,nan,nan,nan,nan,nan
43031,0.0,22.092949,0,0,0,0,0,nan,nan,nan,nan,nan
43032,0.0,23.191582,0,0,0,0,0,nan,nan,nan,nan,nan
43033,0.0,22.642265,0,0,0,0,0,nan,nan,nan,nan,nan
43034,0.0,23.191582,0,0,0,0,0,nan,nan,nan,nan,nan
43035,0.0,24.290215,0,0,0,0,0,nan,nan,nan,nan,nan
43036,0.0,22.642265,0,0,0,0,0,nan,nan,0,0,0
43037,0.0,22.092949,0,0,0,0,0,nan,nan,nan,nan,nan
43038,0.0,22.642265,0,0,0,0,0,nan,nan,nan,nan,nan
43039,0.0,23.740898,0,0,0,0,0,nan,nan,nan,nan,nan
43040,0.0,23.740898,0,0,0,0,0,nan,nan,nan,nan,nan
43041,0.0,22.092949,0,0,0,0,0,nan,nan,nan,nan,nan
43042,0.0,25.388847,0,0,0,0,0,nan,nan,nan,nan,nan
43043,0.0,23.191582,0,0,0,0,0,nan,nan,nan,nan,nan
43044,0.0,22.092949,0,0,0,0,0,nan,nan,nan,nan,nan
43045,0.0,23.191582,0,0,0,0,0,nan,nan,nan,nan,nan
43046,0.0,23.191582,0,0,0,0,0,nan,nan,nan,nan,nan
43047,0.0,23.191582,0,0,0,0,0,nan,nan,nan,nan,nan
43048,0.0,22.642265,0,0,0,0,0,nan,nan,nan,nan,nan
43049,0.0,22.642265,0,0,0,0,0,nan,nan,0,0,0
43050,0.0,24.290215,0,0,0,0,0,nan,nan,nan,nan,nan
43051,0.0,23.740898,0,0,0,0,0,nan,nan,nan,nan,nan
43052,0.0,24.839531,0,0,0,0,0,nan,nan,nan,nan,nan
43053,0.0,20.994316,0,0,0,0,0,nan,nan,nan,nan,nan
43054,0.0,23.191582,0,0,0,0,0,nan,nan,nan,nan,nan
43055,0.0,23.740898,0,0,0,0,0,nan,nan,nan,nan,nan
43056,0.0,21.543633,0,0,0,0,0,nan,nan,nan,nan,nan
43057,0.0,23.740898,0,0,0,0,0,nan,nan,nan,nan,nan
43058,0.0,22.642265,0,0,0,0,0,nan,nan,nan,nan,nan
43059,0.0,23.191582,0,0,0,0,0,nan,nan,nan,nan,nan
43060,0.0,22.092949,0,0,0,0,0,nan,nan,nan,nan,nan
43061,0.0,22.642265,0,0,0,0,0,nan,nan,nan,nan,nan
43062,0.0,24.839531,0,0,0,0,0,nan,nan,nan,nan,nan
43063,0.0,24.290215,0,0,0,0,0,nan,nan,nan,nan,nan
43064,0.0,23.191582,0,0,0,0,0,nan,nan,nan,nan,nan
43065,0.0,23.191582,0,0,0,0,0,nan,nan,nan,nan,nan
43066,0.0,23.191582,0,0,0,0,0,nan,nan,0,0,0
43067,0.0,22.092949,0,0,0,0,0,nan,nan,nan,nan,nan
43068,0.0,23.740898,0,0,0,0,0,nan,nan,nan,nan,nan
43069,0.0,24.290215,0,0,0,0,0,nan,nan,nan,nan,nan
43070,0.0,23.191582,0,0,0,0,0,nan,nan,nan,nan,nan
43071,0.0,23.191582,0,0,0,0,0,nan,nan,nan,nan,nan
43072,0.0,22.092949,0,0,0,0,0,nan,nan,nan,nan,nan
43073,0.0,24.839531,0,0,0,0,0,nan,nan,nan,nan,nan
43074,0.0,25.388847,0,0,0,0,0,nan,nan,nan,nan,nan
43075,0.0,23.740898,0,0,0,0,0,nan,nan,nan,nan,nan
43076,0.0,21.543633,0,0,0,0,0,nan,nan,nan,nan,nan
43077,0.0,23.191582,0,0,0,0,0,nan,nan,nan,nan,nan
43078,0.0,23.191582,0,0,0,0,0,nan,nan,nan,nan,nan
43079,0.0,23.191582,0,0,0,0,0,nan,nan,nan,nan,nan
43080,0.0,22.092949,0,0,0,0,0,nan,nan,nan,nan,nan
43081,0.0,23.740898,0,0,0,0,0,nan,nan,nan,nan,nan
43082,0.0,23.191582,0,0,0,0,0,nan,nan,0,0,0
43083,0.0,22.642265,0,0,0,0,0,nan,nan,nan,nan,nan
43084,0.0,23.740898,0,0,0,0,0,nan,nan,nan,nan,nan
43085,0.0,22.092949,0,0,0,0,0,nan,nan,nan,nan,nan
43086,0.0,22.642265,0,0,0,0,0,nan,nan,nan,nan,nan
43087,0.0,22.642265,0,0,0,0,0,nan,nan,nan,nan,nan
43088,0.0,23.191582,0,0,0,0,0,nan,nan,nan,nan,nan
43089,0.0,23.740898,0,0,0,0,0,nan,nan,nan,nan,nan
43090,0.0,23.740898,0,0,0,0,0,nan,nan,nan,nan,nan
43091,0.0,22.092949,0,0,0,0,0,nan,nan,nan,nan,nan
43092,0.0,23.191582,0,0,0,0,0,nan,nan,nan,nan,nan
43093,0.0,24.290215,0,0,0,0,0,nan,nan,nan,nan,nan
43094,0.0,24.290215,0,0,0,0,0,nan,nan,nan,nan,nan
43095,0.0,23.740898,0,0,0,0,0,nan,nan,0,0,0
43096,0.0,23.740898,0,0,0,0,0,nan,nan,nan,nan,nan
43097,0.0,24.839531,0,0,0,0,0,nan,nan,nan,nan,nan
43098,0.0,22.642265,0,0,0,0,0,nan,nan,nan,nan,nan
43099,0.0,23.740898,0,0,0,0,0,nan,nan,nan,nan,nan
43100,0.0,24.290215,0,0,0,0,0,nan,nan,nan,nan,nan
43101,0.0,23.191582,0,0,0,0,0,nan,nan,nan,nan,nan
43102,0.0,24.290215,0,0,0,0,0,nan,nan,nan,nan,nan
43103,0.0,22.092949,0,0,0,0,0,nan,nan,nan,nan,nan
43104,0.0,23.191582,0,0,0,0,0,nan,nan,nan,nan,nan
43105,0.0,22.642265,0,0,0,0,0,nan,nan,nan,nan,nan
43106,0.0,23.740898,0,0,0,0,0,nan,nan,nan,nan,nan
43107,0.0,23.191582,0,0,0,0,0,nan,nan,nan,nan,nan
43108,0.0,24.290215,0,0,0,0,0,nan,nan,nan,nan,nan
43109,0.0,23.191582,0,0,0,0,0,nan,nan,nan,nan,nan
43110,0.0,22.092949,0,0,0,0,0,nan,nan,nan,nan,nan
43111,0.0,23.191582,0,0,0,0,0,nan,nan,0,0,0
43112,0.0,24.290215,0,0,0,0,0,nan,nan,nan,nan,nan
43113,0.0,27.036797,0,0,0,0,0,nan,nan,nan,nan,nan
43114,0.0,23.191582,0,0,0,0,0,nan,nan,nan,nan,nan
43115,0.0,22.642265,0,0,0,0,0,nan,nan,nan,nan,nan
43116,0.0,23.191582,0,0,0,0,0,nan,nan,nan,nan,nan
43117,0.0,24.290215,0,0,0,0,0,nan,nan,nan,nan,nan
43118,0.0,23.191582,0,0,0,0,0,nan,nan,nan,nan,nan
43119,0.0,22.642265,0,0,0,0,0,nan,nan,nan,nan,nan
43120,0.0,23.191582,0,0,0,0,0,nan,nan,nan,nan,nan
43121,0.0,22.642265,0,0,0,0,0,nan,nan,nan,nan,nan
43122,0.0,24.290215,0,0,0,0,0,nan,nan,nan,nan,nan
43123,0.0,23.191582,0,0,0,0,0,nan,nan,nan,nan,nan
43124,0.0,23.191582,0,0,0,0,0,nan,nan,nan,nan,nan
43125,0.0,24.290215,0,0,0,0,0,nan,nan,nan,nan,nan
43126,0.0,22.642265,0,0,0,0,0,nan,nan,nan,nan,nan
43127,0.0,22.092949,0,0,0,0,0,nan,nan,0,0,0
43128,0.0,23.740898,0,0,0,0,0,nan,nan,nan,nan,nan
43129,0.0,22.642265,0,0,0,0,0,nan,nan,nan,nan,nan
43130,0.0,22.092949,0,0,0,0,0,nan,nan,nan,nan,nan
43131,0.0,23.191582,0,0,0,0,0,nan,nan,nan,nan,nan
43132,0.0,23.740898,0,0,0,0,0,nan,nan,nan,nan,nan
43133,0.0,23.191582,0,0,0,0,0,nan,nan,nan,nan,nan
43134,0.0,22.642265,0,0,0,0,0,nan,nan,nan,nan,nan
43135,0.0,23.191582,0,0,0,0,0,nan,nan,nan,nan,nan
43136,0.0,22.092949,0,0,0,0,0,nan,nan,nan,nan,nan
43137,0.0,23.191582,0,0,0,0,0,nan,nan,nan,nan,nan
43138,0.0,23.191582,0,0,0,0,0,nan,nan,nan,nan,nan
43139,0.0,23.740898,0,0,0,0,0,nan,nan,nan,nan,nan
43140,0.0,22.642265,0,0,0,0,0,nan,nan,0,0,0
43141,0.0,23.191582,0,0,0,0,0,nan,nan,nan,nan,nan
43142,0.0,22.642265,0,0,0,0,0,nan,nan,nan,nan,nan
43143,0.0,24.290215,0,0,0,0,0,nan,nan,nan,nan,nan
43144,0.0,22.642265,0,0,0,0,0,nan,nan,nan,nan,nan
43145,0.0,20.994316,0,0,0,0,0,nan,nan,nan,nan,nan
43146,0.0,23.740898,0,0,0,0,0,nan,nan,nan,nan,nan
43147,0.0,23.740898,0,0,0,0,0,nan,nan,nan,nan,nan
43148,0.0,23.191582,0,0,0,0,0,nan,nan,nan,nan,nan
43149,0.0,22.642265,0,0,0,0,0,nan,nan,nan,nan,nan
43150,0.0,23.191582,0,0,0,0,0,nan,nan,nan,nan,nan
43151,0.0,23.191582,0,0,0,0,0,nan,nan,nan,nan,nan
43152,0.0,23.191582,0,0,0,0,0,nan,nan,nan,nan,nan
43153,0.0,24.290215,0,0,0,0,0,nan,nan,nan,nan,nan
43154,0.0,22.642265,0,0,0,0,0,nan,nan,nan,nan,nan
43155,0.0,22.642265,0,0,0,0,0,nan,nan,nan,nan,nan
43156,0.0,23.191582,0,0,0,0,0,nan,nan,0,0,0
43157,0.0,24.290215,0,0,0,0,0,nan,nan,nan,nan,nan
43158,0.0,23.740898,0,0,0,0,0,nan,nan,nan,nan,nan
43159,0.0,23.191582,0,0,0,0,0,nan,nan,nan,nan,nan
43160,0.0,22.092949,0,0,0,0,0,nan,nan,nan,nan,nan
43161,0.0,22.642265,0,0,0,0,0,nan,nan,nan,nan,nan
43162,0.0,24.290215,0,0,0,0,0,nan,nan,nan,nan,nan
43163,0.0,23.191582,0,0,0,0,0,nan,nan,nan,nan,nan
43164,0.0,23.740898,0,0,0,0,0,nan,nan,nan,nan,nan
43165,0.0,22.092949,0,0,0,0,0,nan,nan,nan,nan,nan
43166,0.0,23.191582,0,0,0,0,0,nan,nan,nan,nan,nan
43167,0.0,24.290215,0,0,0,0,0,nan,nan,nan,nan,nan
43168,0.0,24.290215,0,0,0,0,0,nan,nan,nan,nan,nan
43169,0.0,22.092949,0,0,0,0,0,nan,nan,nan,nan,nan
43170,0.0,22.642265,0,0,0,0,0,nan,nan,nan,nan,nan
43171,0.0,22.642265,0,0,0,0,0,nan,nan,nan,nan,nan
43172,0.0,24.839531,0,0,0,0,0,nan,nan,nan,nan,nan
43173,0.0,22.092949,0,0,0,0,0,nan,nan,0,0,0
43174,0.0,23.740898,0,0,0,0,0,nan,nan,nan,nan,nan
43175,0.0,25.388847,0,0,0,0,0,nan,nan,nan,nan,nan
43176,0.0,24.290215,0,0,0,0,0,nan,nan,nan,nan,nan
43177,0.0,23.740898,0,0,0,0,0,nan,nan,nan,nan,nan
43178,0.0,24.290215,0,0,0,0,0,nan,nan,nan,nan,nan
43179,0.0,22.642265,0,0,0,0,0,nan,nan,nan,nan,nan
43180,0.0,21.543633,0,0,0,0,0,nan,nan,nan,nan,nan
43181,0.0,23.191582,0,0,0,0,0,nan,nan,nan,nan,nan
43182,0.0,26.48748,0,0,0,0,0,nan,nan,nan,nan,nan
43183,0.0,22.642265,0,0,0,0,0,nan,nan,nan,nan,nan
43184,0.0,22.642265,0,0,0,0,0,nan,nan,nan,nan,nan
43185,0.0,23.191582,0,0,0,0,0,nan,nan,nan,nan,nan
43186,0.0,23.740898,0,0,0,0,0,nan,nan,0,0,0
43187,0.0,23.191582,0,0,0,0,0,nan,nan,nan,nan,nan
43188,0.0,22.092949,0,0,0,0,0,nan,nan,nan,nan,nan
43189,0.0,23.740898,0,0,0,0,0,nan,nan,nan,nan,nan
43190,0.0,23.740898,0,0,0,0,0,nan,nan,nan,nan,nan
43191,0.0,23.191582,0,0,0,0,0,nan,nan,nan,nan,nan
43192,0.0,21.543633,0,0,0,0,0,nan,nan,nan,nan,nan
43193,0.0,23.191582,0,0,0,0,0,nan,nan,nan,nan,nan
43194,0.0,24.290215,0,0,0,0,0,nan,nan,nan,nan,nan
43195,0.0,23.740898,0,0,0,0,0,nan,nan,nan,nan,nan
43196,0.0,23.740898,0,0,0,0,0,nan,nan,nan,nan,nan
43197,0.0,24.290215,0,0,0,0,0,nan,nan,nan,nan,nan
43198,0.0,22.092949,0,0,0,0,0,nan,nan,nan,nan,nan
43199,0.0,22.092949,0,0,0,0,0,nan,nan,nan,nan,nan
43200,0.0,22.092949,0,0,0,0,0,nan,nan,nan,nan,nan
43201,0.0,23.740898,0,0,0,0,0,nan,nan,nan,nan,nan
43202,0.0,23.191582,0,0,0,0,0,nan,nan,0,0,0
43203,0.0,23.191582,0,0,0,0,0,nan,nan,nan,nan,nan
43204,0.0,23.191582,0,0,0,0,0,nan,nan,nan,nan,nan
43205,0.0,22.092949,0,0,0,0,0,nan,nan,nan,nan,nan
43206,0.0,24.839531,0,0,0,0,0,nan,nan,nan,nan,nan
43207,0.0,22.642265,0,0,0,0,0,nan,nan,nan,nan,nan
43208,0.0,23.191582,0,0,0,0,0,nan,nan,nan,nan,nan
43209,0.0,23.191582,0,0,0,0,0,nan,nan,nan,nan,nan
43210,0.0,23.191582,0,0,0,0,0,nan,nan,nan,nan,nan
43211,0.0,23.740898,0,0,0,0,0,nan,nan,nan,nan,nan
43212,0.0,23.191582,0,0,0,0,0,nan,nan,nan,nan,nan
43213,0.0,22.642265,0,0,0,0,0,nan,nan,nan,nan,nan
43214,0.0,22.642265,0,0,0,0,0,nan,nan,nan,nan,nan
43215,0.0,24.290215,0,0,0,0,0,nan,nan,nan,nan,nan
43216,0.0,23.191582,0,0,0,0,0,nan,nan,nan,nan,nan
43217,0.0,23.740898,0,0,0,0,0,nan,nan,nan,nan,nan
43218,0.0,22.642265,0,0,0,0,0,nan,nan,nan,nan,nan
43219,0.0,22.642265,0,0,0,0,0,nan,nan,nan,nan,nan
43220,0.0,23.740898,0,0,0,0,0,nan,nan,nan,nan,nan
43221,0.0,23.191582,0,0,0,0,0,nan,nan,0,0,0
43222,0.0,22.642265,0,0,0,0,0,nan,nan,nan,nan,nan
43223,0.0,23.191582,0,0,0,0,0,nan,nan,nan,nan,nan
43224,0.0,23.740898,0,0,0,0,0,nan,nan,nan,nan,nan
43225,0.0,24.839531,0,0,0,0,0,nan,nan,nan,nan,nan
43226,0.0,23.191582,0,0,0,0,0,nan,nan,nan,nan,nan
43227,0.0,21.543633,0,0,0,0,0,nan,nan,nan,nan,nan
43228,0.0,23.191582,0,0,0,0,0,nan,nan,nan,nan,nan
43229,0.0,23.191582,0,0,0,0,0,nan,nan,nan,nan,nan
43230,0.0,24.290215,0,0,0,0,0,nan,nan,nan,nan,nan
43231,0.0,23.191582,0,0,0,0,0,nan,nan,nan,nan,nan
43232,0.0,23.191582,0,0,0,0,0,nan,nan,nan,nan,nan
43233,0.0,23.740898,0,0,0,0,0,nan,nan,nan,nan,nan
43234,0.0,22.642265,0,0,0,0,0,nan,nan,0,0,0
43235,0.0,22.642265,0,0,0,0,0,nan,nan,nan,nan,nan
43236,0.0,23.740898,0,0,0,0,0,nan,nan,nan,nan,nan
43237,0.0,23.740898,0,0,0,0,0,nan,nan,nan,nan,nan
43238,0.0,22.642265,0,0,0,0,0,nan,nan,nan,nan,nan
43239,0.0,22.092949,0,0,0,0,0,nan,nan,nan,nan,nan
43240,0.0,23.191582,0,0,0,0,0,nan,nan,nan,nan,nan
43241,0.0,23.191582,0,0,0,0,0,nan,nan,nan,nan,nan
43242,0.0,23.740898,0,0,0,0,0,nan,nan,nan,nan,nan
43243,0.0,24.290215,0,0,0,0,0,nan,nan,nan,nan,nan
43244,0.0,23.191582,0,0,0,0,0,nan,nan,nan,nan,nan
43245,0.0,23.740898,0,0,0,0,0,nan,nan,nan,nan,nan
43246,0.0,22.642265,0,0,0,0,0,nan,nan,nan,nan,nan
43247,0.0,22.642265,0,0,0,0,0,nan,nan,nan,nan,nan
43248,0.0,23.191582,0,0,0,0,0,nan,nan,nan,nan,nan
43249,0.0,23.191582,0,0,0,0,0,nan,nan,nan,nan,nan
43250,0.0,23.191582,0,0,0,0,0,nan,nan,nan,nan,nan
43251,0.0,21.543633,0,0,0,0,0,nan,nan,0,0,0
43252,0.0,23.191582,0,0,0,0,0,nan,nan,nan,nan,nan
43253,0.0,22.642265,0,0,0,0,0,nan,nan,nan,nan,nan
43254,0.0,24.290215,0,0,0,0,0,nan,nan,nan,nan,nan
43255,0.0,23.740898,0,0,0,0,0,nan,nan,nan,nan,nan
43256,0.0,23.191582,0,0,0,0,0,nan,nan,nan,nan,nan
43257,0.0,24.290215,0,0,0,0,0,nan,nan,nan,nan,nan
43258,0.0,22.092949,0,0,0,0,0,nan,nan,nan,nan,nan
43259,0.0,24.290215,0,0,0,0,0,nan,nan,nan,nan,nan
43260,0.0,23.740898,0,0,0,0,0,nan,nan,nan,nan,nan
43261,0.0,23.740898,0,0,0,0,0,nan,nan,nan,nan,nan
43262,0.0,24.290215,0,0,0,0,0,nan,nan,nan,nan,nan
43263,0.0,22.642265,0,0,0,0,0,nan,nan,nan,nan,nan
43264,0.0,23.191582,0,0,0,0,0,nan,nan,nan,nan,nan
43265,0.0,20.994316,0,0,0,0,0,nan,nan,nan,nan,nan
43266,0.0,24.290215,0,0,0,0,0,nan,nan,nan,nan,nan
43267,0.0,24.290215,0,0,0,0,0,nan,nan,nan,nan,nan
43268,0.0,22.642265,0,0,0,0,0,nan,nan,nan,nan,nan
43269,0.0,23.740898,0,0,0,0,0,nan,nan,0,0,0
43270,0.0,23.191582,0,0,0,0,0,nan,nan,nan,nan,nan
43271,0.0,23.191582,0,0,0,0,0,nan,nan,nan,nan,nan
43272,0.0,24.290215,0,0,0,0,0,nan,nan,nan,nan,nan
43273,0.0,23.740898,0,0,0,0,0,nan,nan,nan,nan,nan
43274,0.0,22.092949,0,0,0,0,0,nan,nan,nan,nan,nan
43275,0.0,20.994316,0,0,0,0,0,nan,nan,nan,nan,nan
43276,0.0,23.191582,0,0,0,0,0,nan,nan,nan,nan,nan
43277,0.0,21.543633,0,0,0,0,0,nan,nan,nan,nan,nan
43278,0.0,24.839531,0,0,0,0,0,nan,nan,nan,nan,nan
43279,0.0,24.290215,0,0,0,0,0,nan,nan,nan,nan,nan
43280,0.0,22.092949,0,0,0,0,0,nan,nan,nan,nan,nan
43281,0.0,23.191582,0,0,0,0,0,nan,nan,nan,nan,nan
43282,0.0,21.543633,0,0,0,0,0,nan,nan,nan,nan,nan
43283,0.0,23.740898,0,0,0,0,0,nan,nan,0,0,0
43284,0.0,23.740898,0,0,0,0,0,nan,nan,nan,nan,nan
43285,0.0,22.642265,0,0,0,0,0,nan,nan,nan,nan,nan
43286,0.0,23.191582,0,0,0,0,0,nan,nan,nan,nan,nan
43287,0.0,23.191582,0,0,0,0,0,nan,nan,nan,nan,nan
43288,0.0,23.191582,0,0,0,0,0,nan,nan,nan,nan,nan
43289,0.0,20.994316,0,0,0,0,0,nan,nan,nan,nan,nan
43290,0.0,24.290215,0,0,0,0,0,nan,nan,nan,nan,nan
43291,0.0,23.191582,0,0,0,0,0,nan,nan,nan,nan,nan
43292,0.0,23.191582,0,0,0,0,0,nan,nan,nan,nan,nan
43293,0.0,23.191582,0,0,0,0,0,nan,nan,nan,nan,nan
43294,0.0,23.191582,0,0,0,0,0,nan,nan,nan,nan,nan
43295,0.0,23.191582,0,0,0,0,0,nan,nan,nan,nan,nan
43296,0.0,24.290215,0,0,0,0,0,nan,nan,nan,nan,nan
43297,0.0,23.191582,0,0,0,0,0,nan,nan,nan,nan,nan
43298,0.0,23.191582,0,0,0,0,0,nan,nan,nan,nan,nan
43299,0.0,23.191582,0,0,0,0,0,nan,nan,nan,nan,nan
43300,0.0,23.191582,0,0,0,0,0,nan,nan,0,0,0
43301,0.0,22.092949,0,0,0,0,0,nan,nan,nan,nan,nan
43302,0.0,22.642265,0,0,0,0,0,nan,nan,nan,nan,nan
43303,0.0,24.290215,0,0,0,0,0,nan,nan,nan,nan,nan
43304,0.0,23.191582,0,0,0,0,0,nan,nan,nan,nan,nan
43305,0.0,22.092949,0,0,0,0,0,nan,nan,nan,nan,nan
43306,0.0,21.543633,0,0,0,0,0,nan,nan,nan,nan,nan
43307,0.0,22.092949,0,0,0,0,0,nan,nan,nan,nan,nan
43308,0.0,23.740898,0,0,0,0,0,nan,nan,nan,nan,nan
43309,0.0,20.994316,0,0,0,0,0,nan,nan,nan,nan,nan
43310,0.0,23.191582,0,0,0,0,0,nan,nan,nan,nan,nan
43311,0.0,23.191582,0,0,0,0,0,nan,nan,nan,nan,nan
43312,0.0,23.191582,0,0,0,0,0,nan,nan,nan,nan,nan
43313,0.0,22.092949,0,0,0,0,0,nan,nan,nan,nan,nan
43314,0.0,23.740898,0,0,0,0,0,nan,nan,nan,nan,nan
43315,0.0,24.290215,0,0,0,0,0,nan,nan,nan,nan,nan
43316,0.0,23.740898,0,0,0,0,0,nan,nan,nan,nan,nan
43317,0.0,22.642265,0,0,0,0,0,nan,nan,nan,nan,nan
43318,0.0,22.642265,0,0,0,0,0,nan,nan,0,0,0
43319,0.0,23.191582,0,0,0,0,0,nan,nan,nan,nan,nan
43320,0.0,23.740898,0,0,0,0,0,nan,nan,nan,nan,nan
43321,0.0,22.642265,0,0,0,0,0,nan,nan,nan,nan,nan
43322,0.0,22.642265,0,0,0,0,0,nan,nan,nan,nan,nan
43323,0.0,24.290215,0,0,0,0,0,nan,nan,nan,nan,nan
43324,0.0,22.642265,0,0,0,0,0,nan,nan,nan,nan,nan
43325,0.0,23.740898,0,0,0,0,0,nan,nan,nan,nan,nan
43326,0.0,24.839531,0,0,0,0,0,nan,nan,nan,nan,nan
43327,0.0,24.839531,0,0,0,0,0,nan,nan,nan,nan,nan
43328,0.0,23.740898,0,0,0,0,0,nan,nan,nan,nan,nan
43329,0.0,22.092949,0,0,0,0,0,nan,nan,nan,nan,nan
43330,0.0,24.290215,0,0,0,0,0,nan,nan,nan,nan,nan
43331,0.0,23.191582,0,0,0,0,0,nan,nan,nan,nan,nan
43332,0.0,23.191582,0,0,0,0,0,nan,nan,0,0,0
43333,0.0,23.740898,0,0,0,0,0,nan,nan,nan,nan,nan
43334,0.0,23.740898,0,0,0,0,0,nan,nan,nan,nan,nan
43335,0.0,23.191582,0,0,0,0,0,nan,nan,nan,nan,nan
43336,0.0,24.839531,0,0,0,0,0,nan,nan,nan,nan,nan
43337,0.0,23.191582,0,0,0,0,0,nan,nan,nan,nan,nan
43338,0.0,22.642265,0,0,0,0,0,nan,nan,nan,nan,nan
43339,0.0,24.839531,0,0,0,0,0,nan,nan,nan,nan,nan
43340,0.0,24.290215,0,0,0,0,0,nan,nan,nan,nan,nan
43341,0.0,20.994316,0,0,0,0,0,nan,nan,nan,nan,nan
43342,0.0,21.543633,0,0,0,0,0,nan,nan,nan,nan,nan
43343,0.0,23.191582,0,0,0,0,0,nan,nan,nan,nan,nan
43344,0.0,24.839531,0,0,0,0,0,nan,nan,nan,nan,nan
43345,0.0,23.191582,0,0,0,0,0,nan,nan,nan,nan,nan
43346,0.0,22.642265,0,0,0,0,0,nan,nan,nan,nan,nan
43347,0.0,22.092949,0,0,0,0,0,nan,nan,nan,nan,nan
43348,0.0,23.740898,0,0,0,0,0,nan,nan,nan,nan,nan
43349,0.0,24.290215,0,0,0,0,0,nan,nan,0,0,0
43350,0.0,23.191582,0,0,0,0,0,nan,nan,nan,nan,nan
43351,0.0,23.191582,0,0,0,0,0,nan,nan,nan,nan,nan
43352,0.0,22.642265,0,0,0,0,0,nan,nan,nan,nan,nan
43353,0.0,21.543633,0,0,0,0,0,nan,nan,nan,nan,nan
43354,0.0,24.290215,0,0,0,0,0,nan,nan,nan,nan,nan
43355,0.0,23.740898,0,0,0,0,0,nan,nan,nan,nan,nan
43356,0.0,24.290215,0,0,0,0,0,nan,nan,nan,nan,nan
43357,0.0,23.191582,0,0,0,0,0,nan,nan,nan,nan,nan
43358,0.0,23.191582,0,0,0,0,0,nan,nan,nan,nan,nan
43359,0.0,23.740898,0,0,0,0,0,nan,nan,nan,nan,nan
43360,0.0,23.740898,0,0,0,0,0,nan,nan,nan,nan,nan
43361,0.0,22.092949,0,0,0,0,0,nan,nan,nan,nan,nan
43362,0.0,20.994316,0,0,0,0,0,nan,nan,nan,nan,nan
43363,0.0,23.191582,0,0,0,0,0,nan,nan,nan,nan,nan
43364,0.0,23.191582,0,0,0,0,0,nan,nan,nan,nan,nan
43365,0.0,22.642265,0,0,0,0,0,nan,nan,nan,nan,nan
43366,0.0,24.290215,0,0,0,0,0,nan,nan,nan,nan,nan
43367,0.0,23.740898,0,0,0,0,0,nan,nan,0,0,0
43368,0.0,23.191582,0,0,0,0,0,nan,nan,nan,nan,nan
43369,0.0,25.938164,0,0,0,0,0,nan,nan,nan,nan,nan
43370,0.0,23.740898,0,0,0,0,0,nan,nan,nan,nan,nan
43371,0.0,22.092949,0,0,0,0,0,nan,nan,nan,nan,nan
43372,0.0,22.092949,0,0,0,0,0,nan,nan,nan,nan,nan
43373,0.0,24.290215,0,0,0,0,0,nan,nan,nan,nan,nan
43374,0.0,23.191582,0,0,0,0,0,nan,nan,nan,nan,nan
43375,0.0,20.994316,0,0,0,0,0,nan,nan,nan,nan,nan
43376,0.0,24.839531,0,0,0,0,0,nan,nan,nan,nan,nan
43377,0.0,23.191582,0,0,0,0,0,nan,nan,nan,nan,nan
43378,0.0,23.191582,0,0,0,0,0,nan,nan,nan,nan,nan
43379,0.0,22.642265,0,0,0,0,0,nan,nan,nan,nan,nan
43380,0.0,23.740898,0,0,0,0,0,nan,nan,0,0,0
43381,0.0,22.642265,0,0,0,0,0,nan,nan,nan,nan,nan
43382,0.0,23.191582,0,0,0,0,0,nan,nan,nan,nan,nan
43383,0.0,22.642265,0,0,0,0,0,nan,nan,nan,nan,nan
43384,0.0,22.642265,0,0,0,0,0,nan,nan,nan,nan,nan
43385,0.0,23.191582,0,0,0,0,0,nan,nan,nan,nan,nan
43386,0.0,22.642265,0,0,0,0,0,nan,nan,nan,nan,nan
43387,0.0,23.191582,0,0,0,0,0,nan,nan,nan,nan,nan
43388,0.0,24.290215,0,0,0,0,0,nan,nan,nan,nan,nan
43389,0.0,22.642265,0,0,0,0,0,nan,nan,nan,nan,nan
43390,0.0,23.740898,0,0,0,0,0,nan,nan,nan,nan,nan
43391,0.0,23.191582,0,0,0,0,0,nan,nan,nan,nan,nan
43392,0.0,22.092949,0,0,0,0,0,nan,nan,nan,nan,nan
43393,0.0,23.740898,0,0,0,0,0,nan,nan,nan,nan,nan
43394,0.0,23.740898,0,0,0,0,0,nan,nan,nan,nan,nan
43395,0.0,22.642265,0,0,0,0,0,nan,nan,nan,nan,nan
43396,0.0,23.191582,0,0,0,0,0,nan,nan,nan,nan,nan
43397,0.0,23.740898,0,0,0,0,0,nan,nan,0,0,0
43398,0.0,24.290215,0,0,0,0,0,nan,nan,nan,nan,nan
43399,0.0,20.445,0,0,0,0,0,nan,nan,nan,nan,nan
43400,0.0,0.0,0,0,0,0,0,nan,nan,nan,nan,nan
43401,0.0,23.191582,0,0,0,0,0,nan,nan,nan,nan,nan
43402,0.0,23.740898,0,0,0,0,0,nan,nan,nan,nan,nan
43403,0.0,23.191582,0,0,0,0,0,nan,nan,nan,nan,nan
43404,0.0,20.994316,0,0,0,0,0,nan,nan,nan,nan,nan
43405,0.0,23.191582,0,0,0,0,0,nan,nan,nan,nan,nan
43406,0.0,23.191582,0,0,0,0,0,nan,nan,nan,nan,nan
43407,0.0,23.191582,0,0,0,0,0,nan,nan,nan,nan,nan
43408,0.0,23.191582,0,0,0,0,0,nan,nan,nan,nan,nan
43409,0.0,23.191582,0,0,0,0,0,nan,nan,nan,nan,nan
43410,0.0,24.839531,0,0,0,0,0,nan,nan,nan,nan,nan
43411,0.0,22.092949,0,0,0,0,0,nan,nan,nan,nan,nan
43412,0.0,23.740898,0,0,0,0,0,nan,nan,nan,nan,nan
43413,0.0,21.543633,0,0,0,0,0,nan,nan,nan,nan,nan
43414,0.0,23.740898,0,0,0,0,0,nan,nan,0,0,0
43415,0.0,23.740898,0,0,0,0,0,nan,nan,nan,nan,nan
43416,0.0,23.191582,0,0,0,0,0,nan,nan,nan,nan,nan
43417,0.0,25.388847,0,0,0,0,0,nan,nan,nan,nan,nan
43418,0.0,22.642265,0,0,0,0,0,nan,nan,nan,nan,nan
43419,0.0,21.543633,0,0,0,0,0,nan,nan,nan,nan,nan
43420,0.0,22.092949,0,0,0,0,0,nan,nan,nan,nan,nan
43421,0.0,23.191582,0,0,0,0,0,nan,nan,nan,nan,nan
43422,0.0,23.740898,0,0,0,0,0,nan,nan,nan,nan,nan
43423,0.0,23.191582,0,0,0,0,0,nan,nan,nan,nan,nan
43424,0.0,22.092949,0,0,0,0,0,nan,nan,nan,nan,nan
43425,0.0,23.191582,0,0,0,0,0,nan,nan,nan,nan,nan
43426,0.0,23.191582,0,0,0,0,0,nan,nan,nan,nan,nan
43427,0.0,23.740898,0,0,0,0,0,nan,nan,nan,nan,nan
43428,0.0,22.642265,0,0,0,0,0,nan,nan,0,0,0
43429,0.0,20.445,0,0,0,0,0,nan,nan,nan,nan,nan
43430,0.0,23.740898,0,0,0,0,0,nan,nan,nan,nan,nan
43431,0.0,24.290215,0,0,0,0,0,nan,nan,nan,nan,nan
43432,0.0,23.191582,0,0,0,0,0,nan,nan,nan,nan,nan
43433,0.0,22.642265,0,0,0,0,0,nan,nan,nan,nan,nan
43434,0.0,23.191582,0,0,0,0,0,nan,nan,nan,nan,nan
43435,0.0,22.642265,0,0,0,0,0,nan,nan,nan,nan,nan
43436,0.0,23.740898,0,0,0,0,0,nan,nan,nan,nan,nan
43437,0.0,24.839531,0,0,0,0,0,nan,nan,nan,nan,nan
43438,0.0,22.092949,0,0,0,0,0,nan,nan,nan,nan,nan
43439,0.0,23.191582,0,0,0,0,0,nan,nan,nan,nan,nan
43440,0.0,23.191582,0,0,0,0,0,nan,nan,nan,nan,nan
43441,0.0,23.740898,0,0,0,0,0,nan,nan,nan,nan,nan
43442,0.0,23.191582,0,0,0,0,0,nan,nan,nan,nan,nan
43443,0.0,22.642265,0,0,0,0,0,nan,nan,nan,nan,nan
43444,0.0,23.191582,0,0,0,0,0,nan,nan,0,0,0
43445,0.0,23.191582,0,0,0,0,0,nan,nan,nan,nan,nan
43446,0.0,22.092949,0,0,0,0,0,nan,nan,nan,nan,nan
43447,0.0,22.642265,0,0,0,0,0,nan,nan,nan,nan,nan
43448,0.0,23.191582,0,0,0,0,0,nan,nan,nan,nan,nan
43449,0.0,26.48748,0,0,0,0,0,nan,nan,nan,nan,nan
43450,0.0,0.0,0,0,0,0,0,nan,nan,nan,nan,nan
43451,0.0,23.191582,0,0,0,0,0,nan,nan,nan,nan,nan
43452,0.0,23.740898,0,0,0,0,0,nan,nan,nan,nan,nan
43453,0.0,22.642265,0,0,0,0,0,nan,nan,nan,nan,nan
43454,0.0,22.642265,0,0,0,0,0,nan,nan,nan,nan,nan
43455,0.0,22.642265,0,0,0,0,0,nan,nan,nan,nan,nan
43456,0.0,24.290215,0,0,0,0,0,nan,nan,nan,nan,nan
43457,0.0,23.191582,0,0,0,0,0,nan,nan,nan,nan,nan
43458,0.0,22.642265,0,0,0,0,0,nan,nan,nan,nan,nan
43459,0.0,0.0,0,0,0,0,0,nan,nan,nan,nan,nan
43460,0.0,22.642265,0,0,0,0,0,nan,nan,nan,nan,nan
43461,0.0,23.740898,0,0,0,0,0,nan,nan,0,0,0
43462,0.0,22.642265,0,0,0,0,0,nan,nan,nan,nan,nan
43463,0.0,23.191582,0,0,0,0,0,nan,nan,nan,nan,nan
43464,0.0,22.642265,0,0,0,0,0,nan,nan,nan,nan,nan
43465,0.0,22.642265,0,0,0,0,0,nan,nan,nan,nan,nan
43466,0.0,24.290215,0,0,0,0,0,nan,nan,nan,nan,nan
43467,0.0,22.092949,0,0,0,0,0,nan,nan,nan,nan,nan
43468,0.0,24.290215,0,0,0,0,0,nan,nan,nan,nan,nan
43469,0.0,23.191582,0,0,0,0,0,nan,nan,nan,nan,nan
43470,0.0,23.191582,0,0,0,0,0,nan,nan,nan,nan,nan
43471,0.0,24.290215,0,0,0,0,0,nan,nan,nan,nan,nan
43472,0.0,22.642265,0,0,0,0,0,nan,nan,nan,nan,nan
43473,0.0,23.191582,0,0,0,0,0,nan,nan,nan,nan,nan
43474,0.0,24.839531,0,0,0,0,0,nan,nan,nan,nan,nan
43475,0.0,22.642265,0,0,0,0,0,nan,nan,0,0,0
43476,0.0,24.839531,0,0,0,0,0,nan,nan,nan,nan,nan
43477,0.0,23.191582,0,0,0,0,0,nan,nan,nan,nan,nan
43478,0.0,23.191582,0,0,0,0,0,nan,nan,nan,nan,nan
43479,0.0,23.191582,0,0,0,0,0,nan,nan,nan,nan,nan
43480,0.0,24.839531,0,0,0,0,0,nan,nan,nan,nan,nan
43481,0.0,24.290215,0,0,0,0,0,nan,nan,nan,nan,nan
43482,0.0,20.994316,0,0,0,0,0,nan,nan,nan,nan,nan
43483,0.0,22.642265,0,0,0,0,0,nan,nan,nan,nan,nan
43484,0.0,23.191582,0,0,0,0,0,nan,nan,nan,nan,nan
43485,0.0,23.191582,0,0,0,0,0,nan,nan,nan,nan,nan
43486,0.0,23.191582,0,0,0,0,0,nan,nan,nan,nan,nan
43487,0.0,24.290215,0,0,0,0,0,nan,nan,nan,nan,nan
43488,0.0,23.191582,0,0,0,0,0,nan,nan,nan,nan,nan
43489,0.0,22.092949,0,0,0,0,0,nan,nan,nan,nan,nan
43490,0.0,23.740898,0,0,0,0,0,nan,nan,nan,nan,nan
43491,0.0,24.290215,0,0,0,0,0,nan,nan,0,0,0
43492,0.0,24.290215,0,0,0,0,0,nan,nan,nan,nan,nan
43493,0.0,23.191582,0,0,0,0,0,nan,nan,nan,nan,nan
43494,0.0,22.092949,0,0,0,0,0,nan,nan,nan,nan,nan
43495,0.0,20.445,0,0,0,0,0,nan,nan,nan,nan,nan
43496,0.0,22.092949,0,0,0,0,0,nan,nan,nan,nan,nan
43497,0.0,22.092949,0,0,0,0,0,nan,nan,nan,nan,nan
43498,0.0,23.191582,0,0,0,0,0,nan,nan,nan,nan,nan
43499,0.0,22.092949,0,0,0,0,0,nan,nan,nan,nan,nan
43500,0.0,20.445,0,0,0,0,0,nan,nan,nan,nan,nan
43501,0.0,22.092949,0,0,0,0,0,nan,nan,nan,nan,nan
43502,0.0,23.191582,0,0,0,0,0,nan,nan,nan,nan,nan
43503,0.0,22.642265,0,0,0,0,0,nan,nan,nan,nan,nan
43504,0.0,21.543633,0,0,0,0,0,nan,nan,nan,nan,nan
43505,0.0,21.543633,0,0,0,0,0,nan,nan,nan,nan,nan
43506,0.0,23.740898,0,0,0,0,0,nan,nan,nan,nan,nan
43507,0.0,23.191582,0,0,0,0,0,nan,nan,nan,nan,nan
43508,0.0,22.092949,0,0,0,0,0,nan,nan,0,0,0
43509,0.0,23.191582,0,0,0,0,0,nan,nan,nan,nan,nan
43510,0.0,23.740898,0,0,0,0,0,nan,nan,nan,nan,nan
43511,0.0,23.191582,0,0,0,0,0,nan,nan,nan,nan,nan
43512,0.0,24.290215,0,0,0,0,0,nan,nan,nan,nan,nan
43513,0.0,22.092949,0,0,0,0,0,nan,nan,nan,nan,nan
43514,0.0,24.839531,0,0,0,0,0,nan,nan,nan,nan,nan
43515,0.0,22.642265,0,0,0,0,0,nan,nan,nan,nan,nan
43516,0.0,23.191582,0,0,0,0,0,nan,nan,nan,nan,nan
43517,0.0,23.191582,0,0,0,0,0,nan,nan,nan,nan,nan
43518,0.0,23.191582,0,0,0,0,0,nan,nan,nan,nan,nan
43519,0.0,20.994316,0,0,0,0,0,nan,nan,nan,nan,nan
43520,0.0,23.740898,0,0,0,0,0,nan,nan,nan,nan,nan
43521,0.0,23.191582,0,0,0,0,0,nan,nan,0,0,0
43522,0.0,23.191582,0,0,0,0,0,nan,nan,nan,nan,nan
43523,0.0,22.642265,0,0,0,0,0,nan,nan,nan,nan,nan
43524,0.0,22.642265,0,0,0,0,0,nan,nan,nan,nan,nan
43525,0.0,23.191582,0,0,0,0,0,nan,nan,nan,nan,nan
43526,0.0,21.543633,0,0,0,0,0,nan,nan,nan,nan,nan
43527,0.0,22.092949,0,0,0,0,0,nan,nan,nan,nan,nan
43528,0.0,23.191582,0,0,0,0,0,nan,nan,nan,nan,nan
43529,0.0,23.740898,0,0,0,0,0,nan,nan,nan,nan,nan
43530,0.0,23.740898,0,0,0,0,0,nan,nan,nan,nan,nan
43531,0.0,23.740898,0,0,0,0,0,nan,nan,nan,nan,nan
43532,0.0,20.994316,0,0,0,0,0,nan,nan,nan,nan,nan
43533,0.0,23.191582,0,0,0,0,0,nan,nan,nan,nan,nan
43534,0.0,24.2902