Left Belt Velocity Profile:
0.0,0.050000000000000003,0.10000000000000001,0.15000000000000002,0.20000000000000001,0.25,0.30000000000000004,0.35000000000000003,0.40000000000000002,0.45000000000000001,0.5,0.55000000000000004,0.59999999999999998,0.64999999999999991,0.69999999999999996,0.75,0.80000000000000004,0.84999999999999998,0.90000000000000002,0.94999999999999996,1.0,1.0,1.0,1.0,1.0,1.0,1.0,1.0,1.0,1.0,1.0,1.0,1.0,1.0,1.0,1.0,1.0,1.0,1.0,1.0,1.0,1.0,1.0,1.0,1.0,1.0,1.0,1.0,1.0
Right Belt Velocity Profile:
0.0,0.050000000000000003,0.10000000000000001,0.15000000000000002,0.20000000000000001,0.25,0.30000000000000004,0.35000000000000003,0.40000000000000002,0.45000000000000001,0.5,0.55000000000000004,0.59999999999999998,0.64999999999999991,0.69999999999999996,0.75,0.80000000000000004,0.84999999999999998,0.90000000000000002,0.94999999999999996,1.0,1.0,1.0,1.0,1.0,1.0,1.0,1.0,1.0,1.0,1.0,1.0,1.0,1.0,1.0,1.0,1.0,1.0,1.0,1.0,1.0,1.0,1.0,1.0,1.0,1.0,1.0,1.0,1.0
Incline Angle
0
FrameNumber,Rfz,Lfz,RHS,LHS,RTO,LTO,Pause,RBSsent,LBSsent,RBSread,LBSread,incang_read
37984,0.0,22.642265,0,0,0,0,0,0,0,0,0,0
37985,0.0,23.740898,0,0,0,0,0,nan,nan,0,0,0
37986,0.0,23.191582,0,0,0,0,0,nan,nan,0,0,0
37987,0.0,24.290215,0,0,0,0,0,nan,nan,0,0,0
37988,0.0,22.642265,0,0,0,0,0,nan,nan,0,0,0
37989,0.0,23.191582,0,0,0,0,0,nan,nan,0,0,0
37990,0.0,20.994316,0,0,0,0,0,nan,nan,0,0,0
37991,0.0,20.994316,0,0,0,0,0,nan,nan,0,0,0
37992,0.0,25.388847,0,0,0,0,0,nan,nan,0,0,0
37993,0.0,22.092949,0,0,0,0,0,nan,nan,0,0,0
37994,0.0,23.191582,0,0,0,0,0,nan,nan,0,0,0
37995,0.0,23.191582,0,0,0,0,0,nan,nan,0,0,0
37996,0.0,24.290215,0,0,0,0,0,nan,nan,0,0,0
37997,0.0,23.740898,0,0,0,0,0,nan,nan,0,0,0
37998,0.0,22.092949,0,0,0,0,0,nan,nan,0,0,0
37999,0.0,23.191582,0,0,0,0,0,nan,nan,0,0,0
38000,0.0,24.839531,0,0,0,0,0,nan,nan,0,0,0
38001,0.0,23.191582,0,0,0,0,0,nan,nan,0,0,0
38002,0.0,23.191582,0,0,0,0,0,nan,nan,0,0,0
38003,0.0,22.092949,0,0,0,0,0,nan,nan,nan,nan,nan
38004,0.0,23.740898,0,0,0,0,0,nan,nan,nan,nan,nan
38005,0.0,22.092949,0,0,0,0,0,nan,nan,nan,nan,nan
38006,0.0,23.191582,0,0,0,0,0,nan,nan,nan,nan,nan
38007,0.0,23.740898,0,0,0,0,0,nan,nan,nan,nan,nan
38008,0.0,22.092949,0,0,0,0,0,nan,nan,nan,nan,nan
38009,0.0,24.290215,0,0,0,0,0,nan,nan,nan,nan,nan
38010,0.0,22.092949,0,0,0,0,0,nan,nan,nan,nan,nan
38011,0.0,23.191582,0,0,0,0,0,nan,nan,nan,nan,nan
38012,0.0,24.290215,0,0,0,0,0,nan,nan,nan,nan,nan
38013,0.0,24.290215,0,0,0,0,0,nan,nan,nan,nan,nan
38014,0.0,24.290215,0,0,0,0,0,nan,nan,nan,nan,nan
38015,0.0,23.191582,0,0,0,0,0,nan,nan,nan,nan,nan
38016,0.0,22.092949,0,0,0,0,0,nan,nan,nan,nan,nan
38017,0.0,22.642265,0,0,0,0,0,nan,nan,nan,nan,nan
38018,0.0,24.290215,0,0,0,0,0,nan,nan,nan,nan,nan
38019,0.0,24.290215,0,0,0,0,0,nan,nan,nan,nan,nan
38020,0.0,23.191582,0,0,0,0,0,nan,nan,nan,nan,nan
38021,0.0,23.191582,0,0,0,0,0,nan,nan,nan,nan,nan
38022,0.0,24.839531,0,0,0,0,0,nan,nan,nan,nan,nan
38023,0.0,22.642265,0,0,0,0,0,nan,nan,nan,nan,nan
38024,0.0,24.839531,0,0,0,0,0,nan,nan,nan,nan,nan
38025,0.0,22.642265,0,0,0,0,0,nan,nan,nan,nan,nan
38026,0.0,23.191582,0,0,0,0,0,nan,nan,nan,nan,nan
38027,0.0,22.642265,0,0,0,0,0,nan,nan,nan,nan,nan
38028,0.0,23.191582,0,0,0,0,0,nan,nan,nan,nan,nan
38029,0.0,20.445,0,0,0,0,0,nan,nan,nan,nan,nan
38030,0.0,22.642265,0,0,0,0,0,nan,nan,nan,nan,nan
38031,0.0,23.740898,0,0,0,0,0,nan,nan,nan,nan,nan
38032,0.0,22.642265,0,0,0,0,0,nan,nan,nan,nan,nan
38033,0.0,23.191582,0,0,0,0,0,nan,nan,nan,nan,nan
38034,0.0,23.191582,0,0,0,0,0,nan,nan,nan,nan,nan
38035,0.0,23.191582,0,0,0,0,0,nan,nan,nan,nan,nan
38036,0.0,24.290215,0,0,0,0,0,nan,nan,nan,nan,nan
38037,0.0,24.290215,0,0,0,0,0,nan,nan,nan,nan,nan
38038,0.0,24.839531,0,0,0,0,0,nan,nan,nan,nan,nan
38039,0.0,23.191582,0,0,0,0,0,nan,nan,nan,nan,nan
38040,0.0,23.740898,0,0,0,0,0,nan,nan,nan,nan,nan
38041,0.0,23.191582,0,0,0,0,0,nan,nan,nan,nan,nan
38042,0.0,22.092949,0,0,0,0,0,nan,nan,nan,nan,nan
38043,0.0,23.740898,0,0,0,0,0,nan,nan,nan,nan,nan
38044,0.0,0.0,0,0,0,0,0,nan,nan,nan,nan,nan
38045,0.0,23.191582,0,0,0,0,0,nan,nan,nan,nan,nan
38046,0.0,23.740898,0,0,0,0,0,nan,nan,nan,nan,nan
38047,0.0,22.092949,0,0,0,0,0,nan,nan,nan,nan,nan
38048,0.0,23.740898,0,0,0,0,0,nan,nan,nan,nan,nan
38049,0.0,23.191582,0,0,0,0,0,nan,nan,nan,nan,nan
38050,0.0,23.191582,0,0,0,0,0,nan,nan,nan,nan,nan
38051,0.0,22.092949,0,0,0,0,0,nan,nan,nan,nan,nan
38052,0.0,23.191582,0,0,0,0,0,nan,nan,nan,nan,nan
38053,0.0,22.642265,0,0,0,0,0,nan,nan,nan,nan,nan
38054,0.0,23.191582,0,0,0,0,0,nan,nan,nan,nan,nan
38055,0.0,24.839531,0,0,0,0,0,nan,nan,nan,nan,nan
38056,0.0,23.191582,0,0,0,0,0,nan,nan,nan,nan,nan
38057,0.0,23.191582,0,0,0,0,0,nan,nan,0,0,0
38058,0.0,23.191582,0,0,0,0,0,nan,nan,nan,nan,nan
38059,0.0,24.290215,0,0,0,0,0,nan,nan,nan,nan,nan
38060,0.0,24.290215,0,0,0,0,0,nan,nan,nan,nan,nan
38061,0.0,23.191582,0,0,0,0,0,nan,nan,nan,nan,nan
38062,0.0,23.191582,0,0,0,0,0,nan,nan,nan,nan,nan
38063,0.0,22.642265,0,0,0,0,0,nan,nan,nan,nan,nan
38064,0.0,22.642265,0,0,0,0,0,nan,nan,nan,nan,nan
38065,0.0,23.191582,0,0,0,0,0,nan,nan,nan,nan,nan
38066,0.0,23.191582,0,0,0,0,0,nan,nan,nan,nan,nan
38067,0.0,25.388847,0,0,0,0,0,nan,nan,nan,nan,nan
38068,0.0,23.191582,0,0,0,0,0,nan,nan,nan,nan,nan
38069,0.0,22.092949,0,0,0,0,0,nan,nan,nan,nan,nan
38070,0.0,23.740898,0,0,0,0,0,nan,nan,nan,nan,nan
38071,0.0,22.092949,0,0,0,0,0,nan,nan,nan,nan,nan
38072,0.0,22.642265,0,0,0,0,0,nan,nan,nan,nan,nan
38073,0.0,22.642265,0,0,0,0,0,nan,nan,nan,nan,nan
38074,0.0,23.740898,0,0,0,0,0,nan,nan,0,0,0
38075,0.0,23.191582,0,0,0,0,0,nan,nan,nan,nan,nan
38076,0.0,22.642265,0,0,0,0,0,nan,nan,nan,nan,nan
38077,0.0,23.191582,0,0,0,0,0,nan,nan,nan,nan,nan
38078,0.0,23.191582,0,0,0,0,0,nan,nan,nan,nan,nan
38079,0.0,24.290215,0,0,0,0,0,nan,nan,nan,nan,nan
38080,0.0,23.740898,0,0,0,0,0,nan,nan,nan,nan,nan
38081,0.0,21.543633,0,0,0,0,0,nan,nan,nan,nan,nan
38082,0.0,22.642265,0,0,0,0,0,nan,nan,nan,nan,nan
38083,0.0,22.642265,0,0,0,0,0,nan,nan,nan,nan,nan
38084,0.0,23.740898,0,0,0,0,0,nan,nan,nan,nan,nan
38085,0.0,23.191582,0,0,0,0,0,nan,nan,nan,nan,nan
38086,0.0,23.191582,0,0,0,0,0,nan,nan,nan,nan,nan
38087,0.0,22.642265,0,0,0,0,0,nan,nan,nan,nan,nan
38088,0.0,23.740898,0,0,0,0,0,nan,nan,0,0,0
38089,0.0,24.290215,0,0,0,0,0,nan,nan,nan,nan,nan
38090,0.0,23.191582,0,0,0,0,0,nan,nan,nan,nan,nan
38091,0.0,21.543633,0,0,0,0,0,nan,nan,nan,nan,nan
38092,0.0,23.740898,0,0,0,0,0,nan,nan,nan,nan,nan
38093,0.0,22.642265,0,0,0,0,0,nan,nan,nan,nan,nan
38094,0.0,22.092949,0,0,0,0,0,nan,nan,nan,nan,nan
38095,0.0,23.191582,0,0,0,0,0,nan,nan,nan,nan,nan
38096,0.0,24.290215,0,0,0,0,0,nan,nan,nan,nan,nan
38097,0.0,23.191582,0,0,0,0,0,nan,nan,nan,nan,nan
38098,0.0,22.092949,0,0,0,0,0,nan,nan,nan,nan,nan
38099,0.0,23.191582,0,0,0,0,0,nan,nan,nan,nan,nan
38100,0.0,22.092949,0,0,0,0,0,nan,nan,nan,nan,nan
38101,0.0,22.092949,0,0,0,0,0,nan,nan,nan,nan,nan
38102,0.0,25.388847,0,0,0,0,0,nan,nan,nan,nan,nan
38103,0.0,24.290215,0,0,0,0,0,nan,nan,nan,nan,nan
38104,0.0,23.191582,0,0,0,0,0,nan,nan,nan,nan,nan
38105,0.0,22.642265,0,0,0,0,0,nan,nan,0,0,0
38106,0.0,22.642265,0,0,0,0,0,nan,nan,nan,nan,nan
38107,0.0,22.642265,0,0,0,0,0,nan,nan,nan,nan,nan
38108,0.0,23.740898,0,0,0,0,0,nan,nan,nan,nan,nan
38109,0.0,23.191582,0,0,0,0,0,nan,nan,nan,nan,nan
38110,0.0,23.740898,0,0,0,0,0,nan,nan,nan,nan,nan
38111,0.0,22.642265,0,0,0,0,0,nan,nan,nan,nan,nan
38112,0.0,24.839531,0,0,0,0,0,nan,nan,nan,nan,nan
38113,0.0,23.191582,0,0,0,0,0,nan,nan,nan,nan,nan
38114,0.0,24.290215,0,0,0,0,0,nan,nan,nan,nan,nan
38115,0.0,23.191582,0,0,0,0,0,nan,nan,nan,nan,nan
38116,0.0,21.543633,0,0,0,0,0,nan,nan,nan,nan,nan
38117,0.0,22.642265,0,0,0,0,0,nan,nan,nan,nan,nan
38118,0.0,23.191582,0,0,0,0,0,nan,nan,nan,nan,nan
38119,0.0,22.092949,0,0,0,0,0,nan,nan,nan,nan,nan
38120,0.0,22.642265,0,0,0,0,0,nan,nan,nan,nan,nan
38121,0.0,24.290215,0,0,0,0,0,nan,nan,nan,nan,nan
38122,0.0,22.642265,0,0,0,0,0,nan,nan,nan,nan,nan
38123,0.0,23.740898,0,0,0,0,0,nan,nan,0,0,0
38124,0.0,21.543633,0,0,0,0,0,nan,nan,nan,nan,nan
38125,0.0,22.642265,0,0,0,0,0,nan,nan,nan,nan,nan
38126,0.0,23.191582,0,0,0,0,0,nan,nan,nan,nan,nan
38127,0.0,23.740898,0,0,0,0,0,nan,nan,nan,nan,nan
38128,0.0,24.290215,0,0,0,0,0,nan,nan,nan,nan,nan
38129,0.0,22.642265,0,0,0,0,0,nan,nan,nan,nan,nan
38130,0.0,22.642265,0,0,0,0,0,nan,nan,nan,nan,nan
38131,0.0,23.191582,0,0,0,0,0,nan,nan,nan,nan,nan
38132,0.0,24.839531,0,0,0,0,0,nan,nan,nan,nan,nan
38133,0.0,23.740898,0,0,0,0,0,nan,nan,nan,nan,nan
38134,0.0,23.191582,0,0,0,0,0,nan,nan,nan,nan,nan
38135,0.0,22.642265,0,0,0,0,0,nan,nan,nan,nan,nan
38136,0.0,23.191582,0,0,0,0,0,nan,nan,0,0,0
38137,0.0,22.642265,0,0,0,0,0,nan,nan,nan,nan,nan
38138,0.0,23.191582,0,0,0,0,0,nan,nan,nan,nan,nan
38139,0.0,22.642265,0,0,0,0,0,nan,nan,nan,nan,nan
38140,0.0,23.191582,0,0,0,0,0,nan,nan,nan,nan,nan
38141,0.0,24.290215,0,0,0,0,0,nan,nan,nan,nan,nan
38142,0.0,19.895683,0,0,0,0,0,nan,nan,nan,nan,nan
38143,0.0,23.191582,0,0,0,0,0,nan,nan,nan,nan,nan
38144,0.0,24.290215,0,0,0,0,0,nan,nan,nan,nan,nan
38145,0.0,24.290215,0,0,0,0,0,nan,nan,nan,nan,nan
38146,0.0,23.191582,0,0,0,0,0,nan,nan,nan,nan,nan
38147,0.0,22.642265,0,0,0,0,0,nan,nan,nan,nan,nan
38148,0.0,23.191582,0,0,0,0,0,nan,nan,nan,nan,nan
38149,0.0,22.642265,0,0,0,0,0,nan,nan,nan,nan,nan
38150,0.0,24.290215,0,0,0,0,0,nan,nan,nan,nan,nan
38151,0.0,23.740898,0,0,0,0,0,nan,nan,nan,nan,nan
38152,0.0,24.290215,0,0,0,0,0,nan,nan,nan,nan,nan
38153,0.0,23.191582,0,0,0,0,0,nan,nan,0,0,0
38154,0.0,22.092949,0,0,0,0,0,nan,nan,nan,nan,nan
38155,0.0,22.642265,0,0,0,0,0,nan,nan,nan,nan,nan
38156,0.0,23.191582,0,0,0,0,0,nan,nan,nan,nan,nan
38157,0.0,21.543633,0,0,0,0,0,nan,nan,nan,nan,nan
38158,0.0,22.092949,0,0,0,0,0,nan,nan,nan,nan,nan
38159,0.0,21.543633,0,0,0,0,0,nan,nan,nan,nan,nan
38160,0.0,24.290215,0,0,0,0,0,nan,nan,nan,nan,nan
38161,0.0,22.092949,0,0,0,0,0,nan,nan,nan,nan,nan
38162,0.0,23.740898,0,0,0,0,0,nan,nan,nan,nan,nan
38163,0.0,22.642265,0,0,0,0,0,nan,nan,nan,nan,nan
38164,0.0,22.642265,0,0,0,0,0,nan,nan,nan,nan,nan
38165,0.0,23.191582,0,0,0,0,0,nan,nan,nan,nan,nan
38166,0.0,22.642265,0,0,0,0,0,nan,nan,nan,nan,nan
38167,0.0,24.290215,0,0,0,0,0,nan,nan,nan,nan,nan
38168,0.0,24.290215,0,0,0,0,0,nan,nan,nan,nan,nan
38169,0.0,22.092949,0,0,0,0,0,nan,nan,nan,nan,nan
38170,0.0,21.543633,0,0,0,0,0,nan,nan,nan,nan,nan
38171,0.0,22.642265,0,0,0,0,0,nan,nan,0,0,0
38172,0.0,24.290215,0,0,0,0,0,nan,nan,nan,nan,nan
38173,0.0,20.994316,0,0,0,0,0,nan,nan,nan,nan,nan
38174,0.0,23.740898,0,0,0,0,0,nan,nan,nan,nan,nan
38175,0.0,23.191582,0,0,0,0,0,nan,nan,nan,nan,nan
38176,0.0,24.839531,0,0,0,0,0,nan,nan,nan,nan,nan
38177,0.0,23.740898,0,0,0,0,0,nan,nan,nan,nan,nan
38178,0.0,24.290215,0,0,0,0,0,nan,nan,nan,nan,nan
38179,0.0,22.642265,0,0,0,0,0,nan,nan,nan,nan,nan
38180,0.0,22.642265,0,0,0,0,0,nan,nan,nan,nan,nan
38181,0.0,22.092949,0,0,0,0,0,nan,nan,nan,nan,nan
38182,0.0,24.290215,0,0,0,0,0,nan,nan,nan,nan,nan
38183,0.0,23.191582,0,0,0,0,0,nan,nan,nan,nan,nan
38184,0.0,22.642265,0,0,0,0,0,nan,nan,nan,nan,nan
38185,0.0,22.092949,0,0,0,0,0,nan,nan,0,0,0
38186,0.0,22.092949,0,0,0,0,0,nan,nan,nan,nan,nan
38187,0.0,23.191582,0,0,0,0,0,nan,nan,nan,nan,nan
38188,0.0,22.642265,0,0,0,0,0,nan,nan,nan,nan,nan
38189,0.0,24.290215,0,0,0,0,0,nan,nan,nan,nan,nan
38190,0.0,22.642265,0,0,0,0,0,nan,nan,nan,nan,nan
38191,0.0,22.092949,0,0,0,0,0,nan,nan,nan,nan,nan
38192,0.0,23.191582,0,0,0,0,0,nan,nan,nan,nan,nan
38193,0.0,22.642265,0,0,0,0,0,nan,nan,nan,nan,nan
38194,0.0,23.191582,0,0,0,0,0,nan,nan,nan,nan,nan
38195,0.0,23.191582,0,0,0,0,0,nan,nan,nan,nan,nan
38196,0.0,23.191582,0,0,0,0,0,nan,nan,nan,nan,nan
38197,0.0,22.092949,0,0,0,0,0,nan,nan,nan,nan,nan
38198,0.0,22.092949,0,0,0,0,0,nan,nan,nan,nan,nan
38199,0.0,23.191582,0,0,0,0,0,nan,nan,nan,nan,nan
38200,0.0,22.092949,0,0,0,0,0,nan,nan,nan,nan,nan
38201,0.0,23.740898,0,0,0,0,0,nan,nan,nan,nan,nan
38202,0.0,22.092949,0,0,0,0,0,nan,nan,nan,nan,nan
38203,0.0,24.290215,0,0,0,0,0,nan,nan,0,0,0
38204,0.0,23.740898,0,0,0,0,0,nan,nan,nan,nan,nan
38205,0.0,21.543633,0,0,0,0,0,nan,nan,nan,nan,nan
38206,0.0,22.642265,0,0,0,0,0,nan,nan,nan,nan,nan
38207,0.0,23.740898,0,0,0,0,0,nan,nan,nan,nan,nan
38208,0.0,23.191582,0,0,0,0,0,nan,nan,nan,nan,nan
38209,0.0,22.642265,0,0,0,0,0,nan,nan,nan,nan,nan
38210,0.0,22.642265,0,0,0,0,0,nan,nan,nan,nan,nan
38211,0.0,23.191582,0,0,0,0,0,nan,nan,nan,nan,nan
38212,0.0,23.191582,0,0,0,0,0,nan,nan,nan,nan,nan
38213,0.0,22.642265,0,0,0,0,0,nan,nan,nan,nan,nan
38214,0.0,23.191582,0,0,0,0,0,nan,nan,nan,nan,nan
38215,0.0,23.191582,0,0,0,0,0,nan,nan,nan,nan,nan
38216,0.0,22.092949,0,0,0,0,0,nan,nan,nan,nan,nan
38217,0.0,22.092949,0,0,0,0,0,nan,nan,nan,nan,nan
38218,0.0,23.740898,0,0,0,0,0,nan,nan,nan,nan,nan
38219,0.0,23.191582,0,0,0,0,0,nan,nan,nan,nan,nan
38220,0.0,24.290215,0,0,0,0,0,nan,nan,nan,nan,nan
38221,0.0,22.092949,0,0,0,0,0,nan,nan,0,0,0
38222,0.0,22.642265,0,0,0,0,0,nan,nan,nan,nan,nan
38223,0.0,23.740898,0,0,0,0,0,nan,nan,nan,nan,nan
38224,0.0,22.092949,0,0,0,0,0,nan,nan,nan,nan,nan
38225,0.0,23.191582,0,0,0,0,0,nan,nan,nan,nan,nan
38226,0.0,23.191582,0,0,0,0,0,nan,nan,nan,nan,nan
38227,0.0,23.191582,0,0,0,0,0,nan,nan,nan,nan,nan
38228,0.0,22.642265,0,0,0,0,0,nan,nan,nan,nan,nan
38229,0.0,22.642265,0,0,0,0,0,nan,nan,nan,nan,nan
38230,0.0,24.290215,0,0,0,0,0,nan,nan,nan,nan,nan
38231,0.0,20.994316,0,0,0,0,0,nan,nan,nan,nan,nan
38232,0.0,24.839531,0,0,0,0,0,nan,nan,nan,nan,nan
38233,0.0,23.191582,0,0,0,0,0,nan,nan,nan,nan,nan
38234,0.0,22.092949,0,0,0,0,0,nan,nan,0,0,0
38235,0.0,23.740898,0,0,0,0,0,nan,nan,nan,nan,nan
38236,0.0,22.092949,0,0,0,0,0,nan,nan,nan,nan,nan
38237,0.0,23.191582,0,0,0,0,0,nan,nan,nan,nan,nan
38238,0.0,23.740898,0,0,0,0,0,nan,nan,nan,nan,nan
38239,0.0,23.191582,0,0,0,0,0,nan,nan,nan,nan,nan
38240,0.0,23.740898,0,0,0,0,0,nan,nan,nan,nan,nan
38241,0.0,22.092949,0,0,0,0,0,nan,nan,nan,nan,nan
38242,0.0,23.191582,0,0,0,0,0,nan,nan,nan,nan,nan
38243,0.0,23.191582,0,0,0,0,0,nan,nan,nan,nan,nan
38244,0.0,22.092949,0,0,0,0,0,nan,nan,nan,nan,nan
38245,0.0,23.191582,0,0,0,0,0,nan,nan,nan,nan,nan
38246,0.0,23.191582,0,0,0,0,0,nan,nan,nan,nan,nan
38247,0.0,22.642265,0,0,0,0,0,nan,nan,nan,nan,nan
38248,0.0,22.642265,0,0,0,0,0,nan,nan,nan,nan,nan
38249,0.0,22.092949,0,0,0,0,0,nan,nan,nan,nan,nan
38250,0.0,24.839531,0,0,0,0,0,nan,nan,nan,nan,nan
38251,0.0,22.642265,0,0,0,0,0,nan,nan,0,0,0
38252,0.0,22.092949,0,0,0,0,0,nan,nan,nan,nan,nan
38253,0.0,21.543633,0,0,0,0,0,nan,nan,nan,nan,nan
38254,0.0,22.642265,0,0,0,0,0,nan,nan,nan,nan,nan
38255,0.0,23.740898,0,0,0,0,0,nan,nan,nan,nan,nan
38256,0.0,24.290215,0,0,0,0,0,nan,nan,nan,nan,nan
38257,0.0,22.642265,0,0,0,0,0,nan,nan,nan,nan,nan
38258,0.0,23.740898,0,0,0,0,0,nan,nan,nan,nan,nan
38259,0.0,23.191582,0,0,0,0,0,nan,nan,nan,nan,nan
38260,0.0,24.290215,0,0,0,0,0,nan,nan,nan,nan,nan
38261,0.0,23.740898,0,0,0,0,0,nan,nan,nan,nan,nan
38262,0.0,23.191582,0,0,0,0,0,nan,nan,nan,nan,nan
38263,0.0,21.543633,0,0,0,0,0,nan,nan,nan,nan,nan
38264,0.0,24.290215,0,0,0,0,0,nan,nan,nan,nan,nan
38265,0.0,23.191582,0,0,0,0,0,nan,nan,nan,nan,nan
38266,0.0,21.543633,0,0,0,0,0,nan,nan,nan,nan,nan
38267,0.0,24.290215,0,0,0,0,0,nan,nan,nan,nan,nan
38268,0.0,22.642265,0,0,0,0,0,nan,nan,nan,nan,nan
38269,0.0,23.740898,0,0,0,0,0,nan,nan,0,0,0
38270,0.0,24.839531,0,0,0,0,0,nan,nan,nan,nan,nan
38271,0.0,22.642265,0,0,0,0,0,nan,nan,nan,nan,nan
38272,0.0,23.740898,0,0,0,0,0,nan,nan,nan,nan,nan
38273,0.0,20.994316,0,0,0,0,0,nan,nan,nan,nan,nan
38274,0.0,24.290215,0,0,0,0,0,nan,nan,nan,nan,nan
38275,0.0,22.642265,0,0,0,0,0,nan,nan,nan,nan,nan
38276,0.0,24.290215,0,0,0,0,0,nan,nan,nan,nan,nan
38277,0.0,22.092949,0,0,0,0,0,nan,nan,nan,nan,nan
38278,0.0,23.191582,0,0,0,0,0,nan,nan,nan,nan,nan
38279,0.0,24.290215,0,0,0,0,0,nan,nan,nan,nan,nan
38280,0.0,20.994316,0,0,0,0,0,nan,nan,nan,nan,nan
38281,0.0,23.740898,0,0,0,0,0,nan,nan,nan,nan,nan
38282,0.0,24.290215,0,0,0,0,0,nan,nan,nan,nan,nan
38283,0.0,23.191582,0,0,0,0,0,nan,nan,0,0,0
38284,0.0,23.191582,0,0,0,0,0,nan,nan,nan,nan,nan
38285,0.0,22.642265,0,0,0,0,0,nan,nan,nan,nan,nan
38286,0.0,23.191582,0,0,0,0,0,nan,nan,nan,nan,nan
38287,0.0,24.839531,0,0,0,0,0,nan,nan,nan,nan,nan
38288,0.0,23.191582,0,0,0,0,0,nan,nan,nan,nan,nan
38289,0.0,22.092949,0,0,0,0,0,nan,nan,nan,nan,nan
38290,0.0,23.740898,0,0,0,0,0,nan,nan,nan,nan,nan
38291,0.0,23.191582,0,0,0,0,0,nan,nan,nan,nan,nan
38292,0.0,21.543633,0,0,0,0,0,nan,nan,nan,nan,nan
38293,0.0,22.642265,0,0,0,0,0,nan,nan,nan,nan,nan
38294,0.0,24.290215,0,0,0,0,0,nan,nan,nan,nan,nan
38295,0.0,22.092949,0,0,0,0,0,nan,nan,nan,nan,nan
38296,0.0,24.290215,0,0,0,0,0,nan,nan,nan,nan,nan
38297,0.0,22.092949,0,0,0,0,0,nan,nan,nan,nan,nan
38298,0.0,23.191582,0,0,0,0,0,nan,nan,nan,nan,nan
38299,0.0,23.740898,0,0,0,0,0,nan,nan,nan,nan,nan
38300,0.0,25.388847,0,0,0,0,0,nan,nan,0,0,0
38301,0.0,23.191582,0,0,0,0,0,nan,nan,nan,nan,nan
38302,0.0,21.543633,0,0,0,0,0,nan,nan,nan,nan,nan
38303,0.0,23.191582,0,0,0,0,0,nan,nan,nan,nan,nan
38304,0.0,23.740898,0,0,0,0,0,nan,nan,nan,nan,nan
38305,0.0,23.740898,0,0,0,0,0,nan,nan,nan,nan,nan
38306,0.0,24.839531,0,0,0,0,0,nan,nan,nan,nan,nan
38307,0.0,22.642265,0,0,0,0,0,nan,nan,nan,nan,nan
38308,0.0,22.642265,0,0,0,0,0,nan,nan,nan,nan,nan
38309,0.0,22.642265,0,0,0,0,0,nan,nan,nan,nan,nan
38310,0.0,24.839531,0,0,0,0,0,nan,nan,nan,nan,nan
38311,0.0,23.740898,0,0,0,0,0,nan,nan,nan,nan,nan
38312,0.0,22.642265,0,0,0,0,0,nan,nan,nan,nan,nan
38313,0.0,20.445,0,0,0,0,0,nan,nan,nan,nan,nan
38314,0.0,23.191582,0,0,0,0,0,nan,nan,nan,nan,nan
38315,0.0,23.740898,0,0,0,0,0,nan,nan,nan,nan,nan
38316,0.0,22.642265,0,0,0,0,0,nan,nan,nan,nan,nan
38317,0.0,20.994316,0,0,0,0,0,nan,nan,nan,nan,nan
38318,0.0,23.740898,0,0,0,0,0,nan,nan,0,0,0
38319,0.0,22.642265,0,0,0,0,0,nan,nan,nan,nan,nan
38320,0.0,23.191582,0,0,0,0,0,nan,nan,nan,nan,nan
38321,0.0,22.092949,0,0,0,0,0,nan,nan,nan,nan,nan
38322,0.0,23.191582,0,0,0,0,0,nan,nan,nan,nan,nan
38323,0.0,23.191582,0,0,0,0,0,nan,nan,nan,nan,nan
38324,0.0,22.092949,0,0,0,0,0,nan,nan,nan,nan,nan
38325,0.0,23.191582,0,0,0,0,0,nan,nan,nan,nan,nan
38326,0.0,20.994316,0,0,0,0,0,nan,nan,nan,nan,nan
38327,0.0,23.191582,0,0,0,0,0,nan,nan,nan,nan,nan
38328,0.0,24.290215,0,0,0,0,0,nan,nan,nan,nan,nan
38329,0.0,24.290215,0,0,0,0,0,nan,nan,nan,nan,nan
38330,0.0,23.740898,0,0,0,0,0,nan,nan,nan,nan,nan
38331,0.0,22.642265,0,0,0,0,0,nan,nan,0,0,0
38332,0.0,22.092949,0,0,0,0,0,nan,nan,nan,nan,nan
38333,0.0,22.642265,0,0,0,0,0,nan,nan,nan,nan,nan
38334,0.0,22.642265,0,0,0,0,0,nan,nan,nan,nan,nan
38335,0.0,23.191582,0,0,0,0,0,nan,nan,nan,nan,nan
38336,0.0,22.092949,0,0,0,0,0,nan,nan,nan,nan,nan
38337,0.0,22.642265,0,0,0,0,0,nan,nan,nan,nan,nan
38338,0.0,23.740898,0,0,0,0,0,nan,nan,nan,nan,nan
38339,0.0,23.191582,0,0,0,0,0,nan,nan,nan,nan,nan
38340,0.0,23.740898,0,0,0,0,0,nan,nan,nan,nan,nan
38341,0.0,22.092949,0,0,0,0,0,nan,nan,nan,nan,nan
38342,0.0,22.642265,0,0,0,0,0,nan,nan,nan,nan,nan
38343,0.0,23.740898,0,0,0,0,0,nan,nan,nan,nan,nan
38344,0.0,22.642265,0,0,0,0,0,nan,nan,nan,nan,nan
38345,0.0,24.290215,0,0,0,0,0,nan,nan,nan,nan,nan
38346,0.0,22.092949,0,0,0,0,0,nan,nan,nan,nan,nan
38347,0.0,23.191582,0,0,0,0,0,nan,nan,nan,nan,nan
38348,0.0,23.740898,0,0,0,0,0,nan,nan,0,0,0
38349,0.0,22.642265,0,0,0,0,0,nan,nan,nan,nan,nan
38350,0.0,23.191582,0,0,0,0,0,nan,nan,nan,nan,nan
38351,0.0,20.994316,0,0,0,0,0,nan,nan,nan,nan,nan
38352,0.0,24.290215,0,0,0,0,0,nan,nan,nan,nan,nan
38353,0.0,22.642265,0,0,0,0,0,nan,nan,nan,nan,nan
38354,0.0,23.191582,0,0,0,0,0,nan,nan,nan,nan,nan
38355,0.0,22.092949,0,0,0,0,0,nan,nan,nan,nan,nan
38356,0.0,23.191582,0,0,0,0,0,nan,nan,nan,nan,nan
38357,0.0,23.740898,0,0,0,0,0,nan,nan,nan,nan,nan
38358,0.0,23.740898,0,0,0,0,0,nan,nan,nan,nan,nan
38359,0.0,23.740898,0,0,0,0,0,nan,nan,nan,nan,nan
38360,0.0,23.191582,0,0,0,0,0,nan,nan,nan,nan,nan
38361,0.0,23.191582,0,0,0,0,0,nan,nan,nan,nan,nan
38362,0.0,23.191582,0,0,0,0,0,nan,nan,nan,nan,nan
38363,0.0,22.092949,0,0,0,0,0,nan,nan,nan,nan,nan
38364,0.0,23.740898,0,0,0,0,0,nan,nan,nan,nan,nan
38365,0.0,23.740898,0,0,0,0,0,nan,nan,0,0,0
38366,0.0,23.191582,0,0,0,0,0,nan,nan,nan,nan,nan
38367,0.0,24.839531,0,0,0,0,0,nan,nan,nan,nan,nan
38368,0.0,22.642265,0,0,0,0,0,nan,nan,nan,nan,nan
38369,0.0,24.290215,0,0,0,0,0,nan,nan,nan,nan,nan
38370,0.0,22.642265,0,0,0,0,0,nan,nan,nan,nan,nan
38371,0.0,21.543633,0,0,0,0,0,nan,nan,nan,nan,nan
38372,0.0,23.740898,0,0,0,0,0,nan,nan,nan,nan,nan
38373,0.0,21.543633,0,0,0,0,0,nan,nan,nan,nan,nan
38374,0.0,23.740898,0,0,0,0,0,nan,nan,nan,nan,nan
38375,0.0,22.642265,0,0,0,0,0,nan,nan,nan,nan,nan
38376,0.0,23.191582,0,0,0,0,0,nan,nan,nan,nan,nan
38377,0.0,22.642265,0,0,0,0,0,nan,nan,nan,nan,nan
38378,0.0,23.740898,0,0,0,0,0,nan,nan,0,0,0
38379,0.0,23.740898,0,0,0,0,0,nan,nan,nan,nan,nan
38380,0.0,23.191582,0,0,0,0,0,nan,nan,nan,nan,nan
38381,0.0,22.092949,0,0,0,0,0,nan,nan,nan,nan,nan
38382,0.0,23.740898,0,0,0,0,0,nan,nan,nan,nan,nan
38383,0.0,22.092949,0,0,0,0,0,nan,nan,nan,nan,nan
38384,0.0,23.740898,0,0,0,0,0,nan,nan,nan,nan,nan
38385,0.0,22.642265,0,0,0,0,0,nan,nan,nan,nan,nan
38386,0.0,24.290215,0,0,0,0,0,nan,nan,nan,nan,nan
38387,0.0,22.092949,0,0,0,0,0,nan,nan,nan,nan,nan
38388,0.0,22.642265,0,0,0,0,0,nan,nan,nan,nan,nan
38389,0.0,23.191582,0,0,0,0,0,nan,nan,nan,nan,nan
38390,0.0,24.290215,0,0,0,0,0,nan,nan,nan,nan,nan
38391,0.0,23.191582,0,0,0,0,0,nan,nan,nan,nan,nan
38392,0.0,22.642265,0,0,0,0,0,nan,nan,nan,nan,nan
38393,0.0,22.642265,0,0,0,0,0,nan,nan,nan,nan,nan
38394,0.0,22.642265,0,0,0,0,0,nan,nan,0,0,0
38395,0.0,23.191582,0,0,0,0,0,nan,nan,nan,nan,nan
38396,0.0,24.290215,0,0,0,0,0,nan,nan,nan,nan,nan
38397,0.0,24.290215,0,0,0,0,0,nan,nan,nan,nan,nan
38398,0.0,24.839531,0,0,0,0,0,nan,nan,nan,nan,nan
38399,0.0,23.191582,0,0,0,0,0,nan,nan,nan,nan,nan
38400,0.0,22.642265,0,0,0,0,0,nan,nan,nan,nan,nan
38401,0.0,24.290215,0,0,0,0,0,nan,nan,nan,nan,nan
38402,0.0,23.191582,0,0,0,0,0,nan,nan,nan,nan,nan
38403,0.0,22.642265,0,0,0,0,0,nan,nan,nan,nan,nan
38404,0.0,23.191582,0,0,0,0,0,nan,nan,nan,nan,nan
38405,0.0,23.191582,0,0,0,0,0,nan,nan,nan,nan,nan
38406,0.0,23.191582,0,0,0,0,0,nan,nan,nan,nan,nan
38407,0.0,25.388847,0,0,0,0,0,nan,nan,nan,nan,nan
38408,0.0,23.191582,0,0,0,0,0,nan,nan,nan,nan,nan
38409,0.0,23.740898,0,0,0,0,0,nan,nan,nan,nan,nan
38410,0.0,21.543633,0,0,0,0,0,nan,nan,nan,nan,nan
38411,0.0,22.642265,0,0,0,0,0,nan,nan,0,0,0
38412,0.0,23.191582,0,0,0,0,0,nan,nan,nan,nan,nan
38413,0.0,25.938164,0,0,0,0,0,nan,nan,nan,nan,nan
38414,0.0,23.191582,0,0,0,0,0,nan,nan,nan,nan,nan
38415,0.0,22.642265,0,0,0,0,0,nan,nan,nan,nan,nan
38416,0.0,22.642265,0,0,0,0,0,nan,nan,nan,nan,nan
38417,0.0,23.191582,0,0,0,0,0,nan,nan,nan,nan,nan
38418,0.0,23.191582,0,0,0,0,0,nan,nan,nan,nan,nan
38419,0.0,23.191582,0,0,0,0,0,nan,nan,nan,nan,nan
38420,0.0,23.191582,0,0,0,0,0,nan,nan,nan,nan,nan
38421,0.0,23.191582,0,0,0,0,0,nan,nan,nan,nan,nan
38422,0.0,22.092949,0,0,0,0,0,nan,nan,nan,nan,nan
38423,0.0,22.642265,0,0,0,0,0,nan,nan,nan,nan,nan
38424,0.0,20.994316,0,0,0,0,0,nan,nan,nan,nan,nan
38425,0.0,24.290215,0,0,0,0,0,nan,nan,0,0,0
38426,0.0,24.290215,0,0,0,0,0,nan,nan,nan,nan,nan
38427,0.0,21.543633,0,0,0,0,0,nan,nan,nan,nan,nan
38428,0.0,23.740898,0,0,0,0,0,nan,nan,nan,nan,nan
38429,0.0,21.543633,0,0,0,0,0,nan,nan,nan,nan,nan
38430,0.0,22.642265,0,0,0,0,0,nan,nan,nan,nan,nan
38431,0.0,21.543633,0,0,0,0,0,nan,nan,nan,nan,nan
38432,0.0,24.839531,0,0,0,0,0,nan,nan,nan,nan,nan
38433,0.0,24.290215,0,0,0,0,0,nan,nan,nan,nan,nan
38434,0.0,22.092949,0,0,0,0,0,nan,nan,nan,nan,nan
38435,0.0,22.092949,0,0,0,0,0,nan,nan,nan,nan,nan
38436,0.0,22.642265,0,0,0,0,0,nan,nan,nan,nan,nan
38437,0.0,24.290215,0,0,0,0,0,nan,nan,nan,nan,nan
38438,0.0,24.839531,0,0,0,0,0,nan,nan,nan,nan,nan
38439,0.0,22.092949,0,0,0,0,0,nan,nan,nan,nan,nan
38440,0.0,22.092949,0,0,0,0,0,nan,nan,nan,nan,nan
38441,0.0,23.191582,0,0,0,0,0,nan,nan,0,0,0
38442,0.0,23.191582,0,0,0,0,0,nan,nan,nan,nan,nan
38443,0.0,23.191582,0,0,0,0,0,nan,nan,nan,nan,nan
38444,0.0,23.191582,0,0,0,0,0,nan,nan,nan,nan,nan
38445,0.0,23.191582,0,0,0,0,0,nan,nan,nan,nan,nan
38446,0.0,22.642265,0,0,0,0,0,nan,nan,nan,nan,nan
38447,0.0,23.740898,0,0,0,0,0,nan,nan,nan,nan,nan
38448,0.0,23.191582,0,0,0,0,0,nan,nan,nan,nan,nan
38449,0.0,22.642265,0,0,0,0,0,nan,nan,nan,nan,nan
38450,0.0,22.642265,0,0,0,0,0,nan,nan,nan,nan,nan
38451,0.0,24.290215,0,0,0,0,0,nan,nan,nan,nan,nan
38452,0.0,23.191582,0,0,0,0,0,nan,nan,nan,nan,nan
38453,0.0,23.191582,0,0,0,0,0,nan,nan,nan,nan,nan
38454,0.0,23.191582,0,0,0,0,0,nan,nan,nan,nan,nan
38455,0.0,23.191582,0,0,0,0,0,nan,nan,nan,nan,nan
38456,0.0,23.740898,0,0,0,0,0,nan,nan,nan,nan,nan
38457,0.0,23.191582,0,0,0,0,0,nan,nan,nan,nan,nan
38458,0.0,22.642265,0,0,0,0,0,nan,nan,0,0,0
38459,0.0,23.191582,0,0,0,0,0,nan,nan,nan,nan,nan
38460,0.0,23.740898,0,0,0,0,0,nan,nan,nan,nan,nan
38461,0.0,22.642265,0,0,0,0,0,nan,nan,nan,nan,nan
38462,0.0,24.290215,0,0,0,0,0,nan,nan,nan,nan,nan
38463,0.0,22.092949,0,0,0,0,0,nan,nan,nan,nan,nan
38464,0.0,24.290215,0,0,0,0,0,nan,nan,nan,nan,nan
38465,0.0,20.994316,0,0,0,0,0,nan,nan,nan,nan,nan
38466,0.0,21.543633,0,0,0,0,0,nan,nan,nan,nan,nan
38467,0.0,23.191582,0,0,0,0,0,nan,nan,nan,nan,nan
38468,0.0,22.642265,0,0,0,0,0,nan,nan,nan,nan,nan
38469,0.0,23.191582,0,0,0,0,0,nan,nan,nan,nan,nan
38470,0.0,22.642265,0,0,0,0,0,nan,nan,nan,nan,nan
38471,0.0,23.191582,0,0,0,0,0,nan,nan,0,0,0
38472,0.0,22.092949,0,0,0,0,0,nan,nan,nan,nan,nan
38473,0.0,22.092949,0,0,0,0,0,nan,nan,nan,nan,nan
38474,0.0,24.290215,0,0,0,0,0,nan,nan,nan,nan,nan
38475,0.0,24.290215,0,0,0,0,0,nan,nan,nan,nan,nan
38476,0.0,24.290215,0,0,0,0,0,nan,nan,nan,nan,nan
38477,0.0,25.388847,0,0,0,0,0,nan,nan,nan,nan,nan
38478,0.0,23.191582,0,0,0,0,0,nan,nan,nan,nan,nan
38479,0.0,23.191582,0,0,0,0,0,nan,nan,nan,nan,nan
38480,0.0,22.092949,0,0,0,0,0,nan,nan,nan,nan,nan
38481,0.0,24.290215,0,0,0,0,0,nan,nan,nan,nan,nan
38482,0.0,22.642265,0,0,0,0,0,nan,nan,nan,nan,nan
38483,0.0,20.994316,0,0,0,0,0,nan,nan,nan,nan,nan
38484,0.0,22.642265,0,0,0,0,0,nan,nan,nan,nan,nan
38485,0.0,22.092949,0,0,0,0,0,nan,nan,nan,nan,nan
38486,0.0,23.740898,0,0,0,0,0,nan,nan,nan,nan,nan
38487,0.0,24.290215,0,0,0,0,0,nan,nan,0,0,0
38488,0.0,23.191582,0,0,0,0,0,nan,nan,nan,nan,nan
38489,0.0,22.092949,0,0,0,0,0,nan,nan,nan,nan,nan
38490,0.0,23.191582,0,0,0,0,0,nan,nan,nan,nan,nan
38491,0.0,22.092949,0,0,0,0,0,nan,nan,nan,nan,nan
38492,0.0,23.740898,0,0,0,0,0,nan,nan,nan,nan,nan
38493,0.0,23.191582,0,0,0,0,0,nan,nan,nan,nan,nan
38494,0.0,23.191582,0,0,0,0,0,nan,nan,nan,nan,nan
38495,0.0,23.740898,0,0,0,0,0,nan,nan,nan,nan,nan
38496,0.0,23.740898,0,0,0,0,0,nan,nan,nan,nan,nan
38497,0.0,22.092949,0,0,0,0,0,nan,nan,nan,nan,nan
38498,0.0,24.290215,0,0,0,0,0,nan,nan,nan,nan,nan
38499,0.0,23.740898,0,0,0,0,0,nan,nan,nan,nan,nan
38500,0.0,23.191582,0,0,0,0,0,nan,nan,nan,nan,nan
38501,0.0,22.642265,0,0,0,0,0,nan,nan,nan,nan,nan
38502,0.0,23.740898,0,0,0,0,0,nan,nan,nan,nan,nan
38503,0.0,22.642265,0,0,0,0,0,nan,nan,nan,nan,nan
38504,0.0,22.092949,0,0,0,0,0,nan,nan,0,0,0
38505,0.0,23.191582,0,0,0,0,0,nan,nan,nan,nan,nan
38506,0.0,23.740898,0,0,0,0,0,nan,nan,nan,nan,nan
38507,0.0,22.642265,0,0,0,0,0,nan,nan,nan,nan,nan
38508,0.0,23.191582,0,0,0,0,0,nan,nan,nan,nan,nan
38509,0.0,23.191582,0,0,0,0,0,nan,nan,nan,nan,nan
38510,0.0,24.290215,0,0,0,0,0,nan,nan,nan,nan,nan
38511,0.0,24.290215,0,0,0,0,0,nan,nan,nan,nan,nan
38512,0.0,22.642265,0,0,0,0,0,nan,nan,nan,nan,nan
38513,0.0,23.740898,0,0,0,0,0,nan,nan,nan,nan,nan
38514,0.0,0.0,0,0,0,0,0,nan,nan,nan,nan,nan
38515,0.0,22.642265,0,0,0,0,0,nan,nan,nan,nan,nan
38516,0.0,23.740898,0,0,0,0,0,nan,nan,nan,nan,nan
38517,0.0,22.642265,0,0,0,0,0,nan,nan,nan,nan,nan
38518,0.0,23.740898,0,0,0,0,0,nan,nan,0,0,0
38519,0.0,25.388847,0,0,0,0,0,nan,nan,nan,nan,nan
38520,0.0,23.740898,0,0,0,0,0,nan,nan,nan,nan,nan
38521,0.0,23.740898,0,0,0,0,0,nan,nan,nan,nan,nan
38522,0.0,22.642265,0,0,0,0,0,nan,nan,nan,nan,nan
38523,0.0,23.191582,0,0,0,0,0,nan,nan,nan,nan,nan
38524,0.0,22.642265,0,0,0,0,0,nan,nan,nan,nan,nan
38525,0.0,24.290215,0,0,0,0,0,nan,nan,nan,nan,nan
38526,0.0,23.191582,0,0,0,0,0,nan,nan,nan,nan,nan
38527,0.0,22.642265,0,0,0,0,0,nan,nan,nan,nan,nan
38528,0.0,23.191582,0,0,0,0,0,nan,nan,nan,nan,nan
38529,0.0,25.388847,0,0,0,0,0,nan,nan,nan,nan,nan
38530,0.0,23.191582,0,0,0,0,0,nan,nan,nan,nan,nan
38531,0.0,21.543633,0,0,0,0,0,nan,nan,nan,nan,nan
38532,0.0,23.191582,0,0,0,0,0,nan,nan,nan,nan,nan
38533,0.0,23.740898,0,0,0,0,0,nan,nan,0,0,0
38534,0.0,23.191582,0,0,0,0,0,nan,nan,nan,nan,nan
38535,0.0,24.290215,0,0,0,0,0,nan,nan,nan,nan,nan
38536,0.0,23.191582,0,0,0,0,0,nan,nan,nan,nan,nan
38537,0.0,23.191582,0,0,0,0,0,nan,nan,nan,nan,nan
38538,0.0,23.191582,0,0,0,0,0,nan,nan,nan,nan,nan
38539,0.0,21.543633,0,0,0,0,0,nan,nan,nan,nan,nan
38540,0.0,23.740898,0,0,0,0,0,nan,nan,nan,nan,nan
38541,0.0,21.543633,0,0,0,0,0,nan,nan,nan,nan,nan
38542,0.0,23.740898,0,0,0,0,0,nan,nan,nan,nan,nan
38543,0.0,23.191582,0,0,0,0,0,nan,nan,nan,nan,nan
38544,0.0,23.740898,0,0,0,0,0,nan,nan,nan,nan,nan
38545,0.0,23.191582,0,0,0,0,0,nan,nan,nan,nan,nan
38546,0.0,22.092949,0,0,0,0,0,nan,nan,nan,nan,nan
38547,0.0,24.839531,0,0,0,0,0,nan,nan,nan,nan,nan
38548,0.0,23.191582,0,0,0,0,0,nan,nan,nan,nan,nan
38549,0.0,23.191582,0,0,0,0,0,nan,nan,nan,nan,nan
38550,0.0,24.290215,0,0,0,0,0,nan,nan,nan,nan,nan
38551,0.0,24.290215,0,0,0,0,0,nan,nan,0,0,0
38552,0.0,22.092949,0,0,0,0,0,nan,nan,nan,nan,nan
38553,0.0,23.191582,0,0,0,0,0,nan,nan,nan,nan,nan
38554,0.0,21.543633,0,0,0,0,0,nan,nan,nan,nan,nan
38555,0.0,23.191582,0,0,0,0,0,nan,nan,nan,nan,nan
38556,0.0,24.290215,0,0,0,0,0,nan,nan,nan,nan,nan
38557,0.0,23.191582,0,0,0,0,0,nan,nan,nan,nan,nan
38558,0.0,22.642265,0,0,0,0,0,nan,nan,nan,nan,nan
38559,0.0,23.740898,0,0,0,0,0,nan,nan,nan,nan,nan
38560,0.0,23.740898,0,0,0,0,0,nan,nan,nan,nan,nan
38561,0.0,23.740898,0,0,0,0,0,nan,nan,nan,nan,nan
38562,0.0,22.642265,0,0,0,0,0,nan,nan,nan,nan,nan
38563,0.0,22.092949,0,0,0,0,0,nan,nan,nan,nan,nan
38564,0.0,24.290215,0,0,0,0,0,nan,nan,nan,nan,nan
38565,0.0,23.191582,0,0,0,0,0,nan,nan,0,0,0
38566,0.0,0.0,0,0,0,0,0,nan,nan,nan,nan,nan
38567,0.0,23.191582,0,0,0,0,0,nan,nan,nan,nan,nan
38568,0.0,23.191582,0,0,0,0,0,nan,nan,nan,nan,nan
38569,0.0,22.092949,0,0,0,0,0,nan,nan,nan,nan,nan
38570,0.0,24.290215,0,0,0,0,0,nan,nan,nan,nan,nan
38571,0.0,23.740898,0,0,0,0,0,nan,nan,nan,nan,nan
38572,0.0,23.191582,0,0,0,0,0,nan,nan,nan,nan,nan
38573,0.0,22.092949,0,0,0,0,0,nan,nan,nan,nan,nan
38574,0.0,25.388847,0,0,0,0,0,nan,nan,nan,nan,nan
38575,0.0,22.092949,0,0,0,0,0,nan,nan,nan,nan,nan
38576,0.0,23.191582,0,0,0,0,0,nan,nan,nan,nan,nan
38577,0.0,22.642265,0,0,0,0,0,nan,nan,nan,nan,nan
38578,0.0,23.191582,0,0,0,0,0,nan,nan,nan,nan,nan
38579,0.0,22.642265,0,0,0,0,0,nan,nan,nan,nan,nan
38580,0.0,25.938164,0,0,0,0,0,nan,nan,nan,nan,nan
38581,0.0,22.642265,0,0,0,0,0,nan,nan,0,0,0
38582,0.0,21.543633,0,0,0,0,0,nan,nan,nan,nan,nan
38583,0.0,23.740898,0,0,0,0,0,nan,nan,nan,nan,nan
38584,0.0,22.642265,0,0,0,0,0,nan,nan,nan,nan,nan
38585,0.0,24.290215,0,0,0,0,0,nan,nan,nan,nan,nan
38586,0.0,24.290215,0,0,0,0,0,nan,nan,nan,nan,nan
38587,0.0,23.191582,0,0,0,0,0,nan,nan,nan,nan,nan
38588,0.0,20.445,0,0,0,0,0,nan,nan,nan,nan,nan
38589,0.0,23.191582,0,0,0,0,0,nan,nan,nan,nan,nan
38590,0.0,23.191582,0,0,0,0,0,nan,nan,nan,nan,nan
38591,0.0,23.191582,0,0,0,0,0,nan,nan,nan,nan,nan
38592,0.0,24.290215,0,0,0,0,0,nan,nan,nan,nan,nan
38593,0.0,23.740898,0,0,0,0,0,nan,nan,nan,nan,nan
38594,0.0,23.191582,0,0,0,0,0,nan,nan,nan,nan,nan
38595,0.0,22.092949,0,0,0,0,0,nan,nan,nan,nan,nan
38596,0.0,23.740898,0,0,0,0,0,nan,nan,nan,nan,nan
38597,0.0,23.191582,0,0,0,0,0,nan,nan,nan,nan,nan
38598,0.0,24.290215,0,0,0,0,0,nan,nan,0,0,0
38599,0.0,21.543633,0,0,0,0,0,nan,nan,nan,nan,nan
38600,0.0,22.642265,0,0,0,0,0,nan,nan,nan,nan,nan
38601,0.0,22.092949,0,0,0,0,0,nan,nan,nan,nan,nan
38602,0.0,23.740898,0,0,0,0,0,nan,nan,nan,nan,nan
38603,0.0,25.388847,0,0,0,0,0,nan,nan,nan,nan,nan
38604,0.0,24.839531,0,0,0,0,0,nan,nan,nan,nan,nan
38605,0.0,23.740898,0,0,0,0,0,nan,nan,nan,nan,nan
38606,0.0,22.092949,0,0,0,0,0,nan,nan,nan,nan,nan
38607,0.0,21.543633,0,0,0,0,0,nan,nan,nan,nan,nan
38608,0.0,23.740898,0,0,0,0,0,nan,nan,nan,nan,nan
38609,0.0,23.191582,0,0,0,0,0,nan,nan,nan,nan,nan
38610,0.0,23.191582,0,0,0,0,0,nan,nan,nan,nan,nan
38611,0.0,23.740898,0,0,0,0,0,nan,nan,0,0,0
38612,0.0,22.642265,0,0,0,0,0,nan,nan,nan,nan,nan
38613,0.0,23.191582,0,0,0,0,0,nan,nan,nan,nan,nan
38614,0.0,22.092949,0,0,0,0,0,nan,nan,nan,nan,nan
38615,0.0,23.191582,0,0,0,0,0,nan,nan,nan,nan,nan
38616,0.0,24.290215,0,0,0,0,0,nan,nan,nan,nan,nan
38617,0.0,21.543633,0,0,0,0,0,nan,nan,nan,nan,nan
38618,0.0,23.191582,0,0,0,0,0,nan,nan,nan,nan,nan
38619,0.0,20.994316,0,0,0,0,0,nan,nan,nan,nan,nan
38620,0.0,23.191582,0,0,0,0,0,nan,nan,nan,nan,nan
38621,0.0,22.642265,0,0,0,0,0,nan,nan,nan,nan,nan
38622,0.0,24.839531,0,0,0,0,0,nan,nan,nan,nan,nan
38623,0.0,24.290215,0,0,0,0,0,nan,nan,nan,nan,nan
38624,0.0,23.191582,0,0,0,0,0,nan,nan,nan,nan,nan
38625,0.0,23.740898,0,0,0,0,0,nan,nan,nan,nan,nan
38626,0.0,22.642265,0,0,0,0,0,nan,nan,nan,nan,nan
38627,0.0,24.290215,0,0,0,0,0,nan,nan,0,0,0
38628,0.0,24.839531,0,0,0,0,0,nan,nan,nan,nan,nan
38629,0.0,23.191582,0,0,0,0,0,nan,nan,nan,nan,nan
38630,0.0,22.092949,0,0,0,0,0,nan,nan,nan,nan,nan
38631,0.0,22.642265,0,0,0,0,0,nan,nan,nan,nan,nan
38632,0.0,24.290215,0,0,0,0,0,nan,nan,nan,nan,nan
38633,0.0,23.191582,0,0,0,0,0,nan,nan,nan,nan,nan
38634,0.0,23.191582,0,0,0,0,0,nan,nan,nan,nan,nan
38635,0.0,23.191582,0,0,0,0,0,nan,nan,nan,nan,nan
38636,0.0,23.740898,0,0,0,0,0,nan,nan,nan,nan,nan
38637,0.0,22.092949,0,0,0,0,0,nan,nan,nan,nan,nan
38638,0.0,22.642265,0,0,0,0,0,nan,nan,nan,nan,nan
38639,0.0,24.290215,0,0,0,0,0,nan,nan,nan,nan,nan
38640,0.0,23.740898,0,0,0,0,0,nan,nan,nan,nan,nan
38641,0.0,0.0,0,0,0,0,0,nan,nan,nan,nan,nan
38642,0.0,24.839531,0,0,0,0,0,nan,nan,nan,nan,nan
38643,0.0,23.191582,0,0,0,0,0,nan,nan,nan,nan,nan
38644,0.0,23.191582,0,0,0,0,0,nan,nan,nan,nan,nan
38645,0.0,23.191582,0,0,0,0,0,nan,nan,0,0,0
38646,0.0,21.543633,0,0,0,0,0,nan,nan,nan,nan,nan
38647,0.0,23.191582,0,0,0,0,0,nan,nan,nan,nan,nan
38648,0.0,24.290215,0,0,0,0,0,nan,nan,nan,nan,nan
38649,0.0,22.642265,0,0,0,0,0,nan,nan,nan,nan,nan
38650,0.0,20.994316,0,0,0,0,0,nan,nan,nan,nan,nan
38651,0.0,22.092949,0,0,0,0,0,nan,nan,nan,nan,nan
38652,20.525211,24.839531,0,0,0,0,0,nan,nan,nan,nan,nan
38653,0.0,23.740898,0,0,0,0,0,nan,nan,nan,nan,nan
38654,0.0,24.290215,0,0,0,0,0,nan,nan,nan,nan,nan
38655,0.0,21.543633,0,0,0,0,0,nan,nan,nan,nan,nan
38656,0.0,23.740898,0,0,0,0,0,nan,nan,nan,nan,nan
38657,0.0,23.191582,0,0,0,0,0,nan,nan,nan,nan,nan
38658,0.0,23.740898,0,0,0,0,0,nan,nan,nan,nan,nan
38659,0.0,23.740898,0,0,0,0,0,nan,nan,nan,nan,nan
38660,0.0,22.092949,0,0,0,0,0,nan,nan,0,0,0
38661,0.0,22.092949,0,0,0,0,0,nan,nan,nan,nan,nan
38662,0.0,23.191582,0,0,0,0,0,nan,nan,nan,nan,nan
38663,0.0,24.290215,0,0,0,0,0,nan,nan,nan,nan,nan
38664,0.0,23.740898,0,0,0,0,0,nan,nan,nan,nan,nan
38665,0.0,21.543633,0,0,0,0,0,nan,nan,nan,nan,nan
38666,0.0,24.839531,0,0,0,0,0,nan,nan,nan,nan,nan
38667,0.0,23.740898,0,0,0,0,0,nan,nan,nan,nan,nan
38668,0.0,24.290215,0,0,0,0,0,nan,nan,nan,nan,nan
38669,0.0,23.191582,0,0,0,0,0,nan,nan,nan,nan,nan
38670,0.0,23.740898,0,0,0,0,0,nan,nan,nan,nan,nan
38671,0.0,22.092949,0,0,0,0,0,nan,nan,nan,nan,nan
38672,0.0,23.740898,0,0,0,0,0,nan,nan,nan,nan,nan
38673,0.0,23.191582,0,0,0,0,0,nan,nan,nan,nan,nan
38674,0.0,23.191582,0,0,0,0,0,nan,nan,nan,nan,nan
38675,0.0,23.740898,0,0,0,0,0,nan,nan,nan,nan,nan
38676,0.0,24.290215,0,0,0,0,0,nan,nan,nan,nan,nan
38677,0.0,22.642265,0,0,0,0,0,nan,nan,0,0,0
38678,0.0,24.839531,0,0,0,0,0,nan,nan,nan,nan,nan
38679,0.0,22.092949,0,0,0,0,0,nan,nan,nan,nan,nan
38680,0.0,22.092949,0,0,0,0,0,nan,nan,nan,nan,nan
38681,0.0,23.191582,0,0,0,0,0,nan,nan,nan,nan,nan
38682,0.0,23.191582,0,0,0,0,0,nan,nan,nan,nan,nan
38683,0.0,23.740898,0,0,0,0,0,nan,nan,nan,nan,nan
38684,0.0,24.290215,0,0,0,0,0,nan,nan,nan,nan,nan
38685,0.0,23.191582,0,0,0,0,0,nan,nan,nan,nan,nan
38686,0.0,23.191582,0,0,0,0,0,nan,nan,nan,nan,nan
38687,0.0,23.740898,0,0,0,0,0,nan,nan,nan,nan,nan
38688,0.0,25.388847,0,0,0,0,0,nan,nan,nan,nan,nan
38689,0.0,22.092949,0,0,0,0,0,nan,nan,nan,nan,nan
38690,0.0,22.642265,0,0,0,0,0,nan,nan,nan,nan,nan
38691,0.0,23.191582,0,0,0,0,0,nan,nan,nan,nan,nan
38692,0.0,22.092949,0,0,0,0,0,nan,nan,nan,nan,nan
38693,0.0,23.191582,0,0,0,0,0,nan,nan,nan,nan,nan
38694,0.0,23.740898,0,0,0,0,0,nan,nan,0,0,0
38695,0.0,23.191582,0,0,0,0,0,nan,nan,nan,nan,nan
38696,0.0,24.290215,0,0,0,0,0,nan,nan,nan,nan,nan
38697,0.0,22.092949,0,0,0,0,0,nan,nan,nan,nan,nan
38698,0.0,24.290215,0,0,0,0,0,nan,nan,nan,nan,nan
38699,0.0,22.642265,0,0,0,0,0,nan,nan,nan,nan,nan
38700,0.0,23.191582,0,0,0,0,0,nan,nan,nan,nan,nan
38701,0.0,23.191582,0,0,0,0,0,nan,nan,nan,nan,nan
38702,0.0,23.191582,0,0,0,0,0,nan,nan,nan,nan,nan
38703,0.0,23.191582,0,0,0,0,0,nan,nan,nan,nan,nan
38704,0.0,22.092949,0,0,0,0,0,nan,nan,nan,nan,nan
38705,0.0,23.740898,0,0,0,0,0,nan,nan,nan,nan,nan
38706,0.0,23.191582,0,0,0,0,0,nan,nan,nan,nan,nan
38707,0.0,20.445,0,0,0,0,0,nan,nan,nan,nan,nan
38708,0.0,24.290215,0,0,0,0,0,nan,nan,0,0,0
38709,0.0,22.092949,0,0,0,0,0,nan,nan,nan,nan,nan
38710,0.0,21.543633,0,0,0,0,0,nan,nan,nan,nan,nan
38711,0.0,22.642265,0,0,0,0,0,nan,nan,nan,nan,nan
38712,0.0,23.740898,0,0,0,0,0,nan,nan,nan,nan,nan
38713,0.0,20.445,0,0,0,0,0,nan,nan,nan,nan,nan
38714,0.0,22.642265,0,0,0,0,0,nan,nan,nan,nan,nan
38715,0.0,22.642265,0,0,0,0,0,nan,nan,nan,nan,nan
38716,0.0,23.191582,0,0,0,0,0,nan,nan,nan,nan,nan
38717,0.0,24.290215,0,0,0,0,0,nan,nan,nan,nan,nan
38718,0.0,24.290215,0,0,0,0,0,nan,nan,nan,nan,nan
38719,0.0,24.290215,0,0,0,0,0,nan,nan,nan,nan,nan
38720,0.0,24.839531,0,0,0,0,0,nan,nan,nan,nan,nan
38721,0.0,20.445,0,0,0,0,0,nan,nan,nan,nan,nan
38722,0.0,22.642265,0,0,0,0,0,nan,nan,nan,nan,nan
38723,0.0,22.642265,0,0,0,0,0,nan,nan,nan,nan,nan
38724,0.0,23.740898,0,0,0,0,0,nan,nan,nan,nan,nan
38725,0.0,23.191582,0,0,0,0,0,nan,nan,0,0,0
38726,0.0,23.740898,0,0,0,0,0,nan,nan,nan,nan,nan
38727,0.0,23.740898,0,0,0,0,0,nan,nan,nan,nan,nan
38728,0.0,21.543633,0,0,0,0,0,nan,nan,nan,nan,nan
38729,0.0,22.642265,0,0,0,0,0,nan,nan,nan,nan,nan
38730,0.0,22.642265,0,0,0,0,0,nan,nan,nan,nan,nan
38731,0.0,22.642265,0,0,0,0,0,nan,nan,nan,nan,nan
38732,0.0,24.839531,0,0,0,0,0,nan,nan,nan,nan,nan
38733,0.0,22.642265,0,0,0,0,0,nan,nan,nan,nan,nan
38734,0.0,24.290215,0,0,0,0,0,nan,nan,nan,nan,nan
38735,0.0,22.092949,0,0,0,0,0,nan,nan,nan,nan,nan
38736,0.0,22.642265,0,0,0,0,0,nan,nan,nan,nan,nan
38737,0.0,24.839531,0,0,0,0,0,nan,nan,nan,nan,nan
38738,0.0,22.092949,0,0,0,0,0,nan,nan,nan,nan,nan
38739,0.0,22.642265,0,0,0,0,0,nan,nan,nan,nan,nan
38740,0.0,22.642265,0,0,0,0,0,nan,nan,nan,nan,nan
38741,0.0,23.191582,0,0,0,0,0,nan,nan,nan,nan,nan
38742,0.0,24.290215,0,0,0,0,0,nan,nan,nan,nan,nan
38743,0.0,23.740898,0,0,0,0,0,nan,nan,0,0,0
38744,0.0,23.191582,0,0,0,0,0,nan,nan,nan,nan,nan
38745,0.0,23.740898,0,0,0,0,0,nan,nan,nan,nan,nan
38746,0.0,22.092949,0,0,0,0,0,nan,nan,nan,nan,nan
38747,0.0,21.543633,0,0,0,0,0,nan,nan,nan,nan,nan
38748,0.0,24.839531,0,0,0,0,0,nan,nan,nan,nan,nan
38749,0.0,23.191582,0,0,0,0,0,nan,nan,nan,nan,nan
38750,0.0,22.642265,0,0,0,0,0,nan,nan,nan,nan,nan
38751,0.0,22.092949,0,0,0,0,0,nan,nan,nan,nan,nan
38752,0.0,24.290215,0,0,0,0,0,nan,nan,nan,nan,nan
38753,0.0,22.092949,0,0,0,0,0,nan,nan,nan,nan,nan
38754,0.0,21.543633,0,0,0,0,0,nan,nan,nan,nan,nan
38755,0.0,23.191582,0,0,0,0,0,nan,nan,nan,nan,nan
38756,0.0,23.191582,0,0,0,0,0,nan,nan,nan,nan,nan
38757,0.0,23.191582,0,0,0,0,0,nan,nan,nan,nan,nan
38758,0.0,21.543633,0,0,0,0,0,nan,nan,0,0,0
38759,0.0,22.642265,0,0,0,0,0,nan,nan,nan,nan,nan
38760,0.0,22.092949,0,0,0,0,0,nan,nan,nan,nan,nan
38761,0.0,24.839531,0,0,0,0,0,nan,nan,nan,nan,nan
38762,0.0,23.191582,0,0,0,0,0,nan,nan,nan,nan,nan
38763,0.0,23.191582,0,0,0,0,0,nan,nan,nan,nan,nan
38764,0.0,23.740898,0,0,0,0,0,nan,nan,nan,nan,nan
38765,0.0,22.092949,0,0,0,0,0,nan,nan,nan,nan,nan
38766,0.0,24.290215,0,0,0,0,0,nan,nan,nan,nan,nan
38767,0.0,21.543633,0,0,0,0,0,nan,nan,nan,nan,nan
38768,0.0,23.191582,0,0,0,0,0,nan,nan,nan,nan,nan
38769,0.0,23.740898,0,0,0,0,0,nan,nan,nan,nan,nan
38770,0.0,23.191582,0,0,0,0,0,nan,nan,nan,nan,nan
38771,0.0,23.740898,0,0,0,0,0,nan,nan,nan,nan,nan
38772,0.0,22.092949,0,0,0,0,0,nan,nan,nan,nan,nan
38773,0.0,22.642265,0,0,0,0,0,nan,nan,nan,nan,nan
38774,0.0,22.092949,0,0,0,0,0,nan,nan,0,0,0
38775,0.0,22.642265,0,0,0,0,0,nan,nan,nan,nan,nan
38776,0.0,24.839531,0,0,0,0,0,nan,nan,nan,nan,nan
38777,0.0,23.191582,0,0,0,0,0,nan,nan,nan,nan,nan
38778,0.0,23.740898,0,0,0,0,0,nan,nan,nan,nan,nan
38779,0.0,22.642265,0,0,0,0,0,nan,nan,nan,nan,nan
38780,0.0,23.740898,0,0,0,0,0,nan,nan,nan,nan,nan
38781,0.0,23.191582,0,0,0,0,0,nan,nan,nan,nan,nan
38782,0.0,22.092949,0,0,0,0,0,nan,nan,nan,nan,nan
38783,0.0,24.290215,0,0,0,0,0,nan,nan,nan,nan,nan
38784,0.0,24.839531,0,0,0,0,0,nan,nan,nan,nan,nan
38785,0.0,23.191582,0,0,0,0,0,nan,nan,nan,nan,nan
38786,0.0,25.938164,0,0,0,0,0,nan,nan,nan,nan,nan
38787,0.0,23.191582,0,0,0,0,0,nan,nan,nan,nan,nan
38788,0.0,23.191582,0,0,0,0,0,nan,nan,nan,nan,nan
38789,0.0,22.092949,0,0,0,0,0,nan,nan,nan,nan,nan
38790,0.0,22.642265,0,0,0,0,0,nan,nan,nan,nan,nan
38791,0.0,23.191582,0,0,0,0,0,nan,nan,nan,nan,nan
38792,0.0,23.191582,0,0,0,0,0,nan,nan,0,0,0
38793,0.0,24.290215,0,0,0,0,0,nan,nan,nan,nan,nan
38794,0.0,23.740898,0,0,0,0,0,nan,nan,nan,nan,nan
38795,0.0,23.191582,0,0,0,0,0,nan,nan,nan,nan,nan
38796,0.0,23.191582,0,0,0,0,0,nan,nan,nan,nan,nan
38797,0.0,22.092949,0,0,0,0,0,nan,nan,nan,nan,nan
38798,0.0,23.740898,0,0,0,0,0,nan,nan,nan,nan,nan
38799,0.0,20.994316,0,0,0,0,0,nan,nan,nan,nan,nan
38800,0.0,23.191582,0,0,0,0,0,nan,nan,nan,nan,nan
38801,0.0,24.290215,0,0,0,0,0,nan,nan,nan,nan,nan
38802,0.0,22.642265,0,0,0,0,0,nan,nan,nan,nan,nan
38803,0.0,22.642265,0,0,0,0,0,nan,nan,nan,nan,nan
38804,0.0,23.191582,0,0,0,0,0,nan,nan,nan,nan,nan
38805,0.0,22.092949,0,0,0,0,0,nan,nan,nan,nan,nan
38806,0.0,22.642265,0,0,0,0,0,nan,nan,0,0,0
38807,0.0,24.290215,0,0,0,0,0,nan,nan,nan,nan,nan
38808,0.0,23.740898,0,0,0,0,0,nan,nan,nan,nan,nan
38809,0.0,22.642265,0,0,0,0,0,nan,nan,nan,nan,nan
38810,0.0,24.290215,0,0,0,0,0,nan,nan,nan,nan,nan
38811,0.0,23.191582,0,0,0,0,0,nan,nan,nan,nan,nan
38812,0.0,23.740898,0,0,0,0,0,nan,nan,nan,nan,nan
38813,0.0,22.092949,0,0,0,0,0,nan,nan,nan,nan,nan
38814,0.0,23.191582,0,0,0,0,0,nan,nan,nan,nan,nan
38815,0.0,24.290215,0,0,0,0,0,nan,nan,nan,nan,nan
38816,0.0,23.191582,0,0,0,0,0,nan,nan,nan,nan,nan
38817,0.0,23.191582,0,0,0,0,0,nan,nan,nan,nan,nan
38818,0.0,24.290215,0,0,0,0,0,nan,nan,nan,nan,nan
38819,0.0,23.740898,0,0,0,0,0,nan,nan,nan,nan,nan
38820,0.0,23.191582,0,0,0,0,0,nan,nan,nan,nan,nan
38821,0.0,24.290215,0,0,0,0,0,nan,nan,nan,nan,nan
38822,0.0,23.191582,0,0,0,0,0,nan,nan,0,0,0
38823,0.0,23.191582,0,0,0,0,0,nan,nan,nan,nan,nan
38824,0.0,24.290215,0,0,0,0,0,nan,nan,nan,nan,nan
38825,0.0,23.191582,0,0,0,0,0,nan,nan,nan,nan,nan
38826,0.0,20.994316,0,0,0,0,0,nan,nan,nan,nan,nan
38827,0.0,22.642265,0,0,0,0,0,nan,nan,nan,nan,nan
38828,0.0,24.290215,0,0,0,0,0,nan,nan,nan,nan,nan
38829,0.0,23.740898,0,0,0,0,0,nan,nan,nan,nan,nan
38830,0.0,25.388847,0,0,0,0,0,nan,nan,nan,nan,nan
38831,0.0,23.191582,0,0,0,0,0,nan,nan,nan,nan,nan
38832,0.0,22.642265,0,0,0,0,0,nan,nan,nan,nan,nan
38833,0.0,22.092949,0,0,0,0,0,nan,nan,nan,nan,nan
38834,0.0,23.740898,0,0,0,0,0,nan,nan,nan,nan,nan
38835,0.0,23.191582,0,0,0,0,0,nan,nan,nan,nan,nan
38836,0.0,22.092949,0,0,0,0,0,nan,nan,nan,nan,nan
38837,0.0,22.092949,0,0,0,0,0,nan,nan,nan,nan,nan
38838,0.0,23.740898,0,0,0,0,0,nan,nan,nan,nan,nan
38839,0.0,23.191582,0,0,0,0,0,nan,nan,0,0,0
38840,0.0,23.191582,0,0,0,0,0,nan,nan,nan,nan,nan
38841,0.0,22.642265,0,0,0,0,0,nan,nan,nan,nan,nan
38842,0.0,23.191582,0,0,0,0,0,nan,nan,nan,nan,nan
38843,0.0,22.642265,0,0,0,0,0,nan,nan,nan,nan,nan
38844,0.0,23.191582,0,0,0,0,0,nan,nan,nan,nan,nan
38845,0.0,25.388847,0,0,0,0,0,nan,nan,nan,nan,nan
38846,0.0,24.290215,0,0,0,0,0,nan,nan,nan,nan,nan
38847,0.0,23.191582,0,0,0,0,0,nan,nan,nan,nan,nan
38848,0.0,24.290215,0,0,0,0,0,nan,nan,nan,nan,nan
38849,0.0,22.092949,0,0,0,0,0,nan,nan,nan,nan,nan
38850,0.0,23.740898,0,0,0,0,0,nan,nan,nan,nan,nan
38851,0.0,22.642265,0,0,0,0,0,nan,nan,nan,nan,nan
38852,0.0,21.543633,0,0,0,0,0,nan,nan,0,0,0
38853,0.0,0.0,0,0,0,0,0,nan,nan,nan,nan,nan
38854,0.0,23.191582,0,0,0,0,0,nan,nan,nan,nan,nan
38855,0.0,24.290215,0,0,0,0,0,nan,nan,nan,nan,nan
38856,0.0,24.290215,0,0,0,0,0,nan,nan,nan,nan,nan
38857,0.0,23.191582,0,0,0,0,0,nan,nan,nan,nan,nan
38858,0.0,23.191582,0,0,0,0,0,nan,nan,nan,nan,nan
38859,0.0,24.290215,0,0,0,0,0,nan,nan,nan,nan,nan
38860,0.0,24.839531,0,0,0,0,0,nan,nan,nan,nan,nan
38861,0.0,23.191582,0,0,0,0,0,nan,nan,nan,nan,nan
38862,0.0,22.642265,0,0,0,0,0,nan,nan,nan,nan,nan
38863,0.0,22.642265,0,0,0,0,0,nan,nan,nan,nan,nan
38864,0.0,23.191582,0,0,0,0,0,nan,nan,nan,nan,nan
38865,0.0,22.092949,0,0,0,0,0,nan,nan,nan,nan,nan
38866,0.0,23.191582,0,0,0,0,0,nan,nan,nan,nan,nan
38867,0.0,23.740898,0,0,0,0,0,nan,nan,nan,nan,nan
38868,0.0,23.191582,0,0,0,0,0,nan,nan,0,0,0
38869,0.0,22.642265,0,0,0,0,0,nan,nan,nan,nan,nan
38870,0.0,23.191582,0,0,0,0,0,nan,nan,nan,nan,nan
38871,0.0,24.290215,0,0,0,0,0,nan,nan,nan,nan,nan
38872,0.0,20.994316,0,0,0,0,0,nan,nan,nan,nan,nan
38873,0.0,24.290215,0,0,0,0,0,nan,nan,nan,nan,nan
38874,0.0,24.290215,0,0,0,0,0,nan,nan,nan,nan,nan
38875,0.0,23.191582,0,0,0,0,0,nan,nan,nan,nan,nan
38876,0.0,22.642265,0,0,0,0,0,nan,nan,nan,nan,nan
38877,0.0,23.191582,0,0,0,0,0,nan,nan,nan,nan,nan
38878,0.0,23.740898,0,0,0,0,0,nan,nan,nan,nan,nan
38879,0.0,23.191582,0,0,0,0,0,nan,nan,nan,nan,nan
38880,0.0,23.191582,0,0,0,0,0,nan,nan,nan,nan,nan
38881,0.0,23.740898,0,0,0,0,0,nan,nan,nan,nan,nan
38882,0.0,21.543633,0,0,0,0,0,nan,nan,nan,nan,nan
38883,0.0,22.092949,0,0,0,0,0,nan,nan,nan,nan,nan
38884,0.0,23.191582,0,0,0,0,0,nan,nan,nan,nan,nan
38885,0.0,22.092949,0,0,0,0,0,nan,nan,0,0,0
38886,0.0,23.191582,0,0,0,0,0,nan,nan,nan,nan,nan
38887,0.0,23.191582,0,0,0,0,0,nan,nan,nan,nan,nan
38888,0.0,22.092949,0,0,0,0,0,nan,nan,nan,nan,nan
38889,0.0,22.642265,0,0,0,0,0,nan,nan,nan,nan,nan
38890,0.0,23.191582,0,0,0,0,0,nan,nan,nan,nan,nan
38891,0.0,23.191582,0,0,0,0,0,nan,nan,nan,nan,nan
38892,0.0,24.290215,0,0,0,0,0,nan,nan,nan,nan,nan
38893,0.0,22.642265,0,0,0,0,0,nan,nan,nan,nan,nan
38894,0.0,23.191582,0,0,0,0,0,nan,nan,nan,nan,nan
38895,0.0,22.642265,0,0,0,0,0,nan,nan,nan,nan,nan
38896,0.0,24.290215,0,0,0,0,0,nan,nan,nan,nan,nan
38897,20.525211,23.191582,0,0,0,0,0,nan,nan,nan,nan,nan
38898,0.0,23.191582,0,0,0,0,0,nan,nan,nan,nan,nan
38899,0.0,22.092949,0,0,0,0,0,nan,nan,0,0,0
38900,0.0,22.642265,0,0,0,0,0,nan,nan,nan,nan,nan
38901,0.0,22.092949,0,0,0,0,0,nan,nan,nan,nan,nan
38902,0.0,23.191582,0,0,0,0,0,nan,nan,nan,nan,nan
38903,0.0,24.290215,0,0,0,0,0,nan,nan,nan,nan,nan
38904,0.0,23.191582,0,0,0,0,0,nan,nan,nan,nan,nan
38905,0.0,22.642265,0,0,0,0,0,nan,nan,nan,nan,nan
38906,0.0,20.994316,0,0,0,0,0,nan,nan,nan,nan,nan
38907,0.0,23.191582,0,0,0,0,0,nan,nan,nan,nan,nan
38908,0.0,23.191582,0,0,0,0,0,nan,nan,nan,nan,nan
38909,0.0,24.290215,0,0,0,0,0,nan,nan,nan,nan,nan
38910,0.0,23.191582,0,0,0,0,0,nan,nan,nan,nan,nan
38911,0.0,22.642265,0,0,0,0,0,nan,nan,nan,nan,nan
38912,0.0,22.642265,0,0,0,0,0,nan,nan,nan,nan,nan
38913,0.0,23.191582,0,0,0,0,0,nan,nan,nan,nan,nan
38914,0.0,22.642265,0,0,0,0,0,nan,nan,nan,nan,nan
38915,0.0,23.191582,0,0,0,0,0,nan,nan,0,0,0
38916,0.0,25.388847,0,0,0,0,0,nan,nan,nan,nan,nan
38917,0.0,22.092949,0,0,0,0,0,nan,nan,nan,nan,nan
38918,0.0,23.740898,0,0,0,0,0,nan,nan,nan,nan,nan
38919,0.0,23.191582,0,0,0,0,0,nan,nan,nan,nan,nan
38920,0.0,24.290215,0,0,0,0,0,nan,nan,nan,nan,nan
38921,0.0,22.642265,0,0,0,0,0,nan,nan,nan,nan,nan
38922,0.0,23.740898,0,0,0,0,0,nan,nan,nan,nan,nan
38923,0.0,23.191582,0,0,0,0,0,nan,nan,nan,nan,nan
38924,0.0,23.740898,0,0,0,0,0,nan,nan,nan,nan,nan
38925,0.0,23.191582,0,0,0,0,0,nan,nan,nan,nan,nan
38926,0.0,23.191582,0,0,0,0,0,nan,nan,nan,nan,nan
38927,0.0,22.642265,0,0,0,0,0,nan,nan,nan,nan,nan
38928,0.0,25.388847,0,0,0,0,0,nan,nan,nan,nan,nan
38929,0.0,22.642265,0,0,0,0,0,nan,nan,nan,nan,nan
38930,0.0,22.642265,0,0,0,0,0,nan,nan,nan,nan,nan
38931,0.0,23.191582,0,0,0,0,0,nan,nan,nan,nan,nan
38932,0.0,23.191582,0,0,0,0,0,nan,nan,0,0,0
38933,0.0,23.191582,0,0,0,0,0,nan,nan,nan,nan,nan
38934,0.0,23.191582,0,0,0,0,0,nan,nan,nan,nan,nan
38935,0.0,23.740898,0,0,0,0,0,nan,nan,nan,nan,nan
38936,0.0,23.740898,0,0,0,0,0,nan,nan,nan,nan,nan
38937,0.0,22.092949,0,0,0,0,0,nan,nan,nan,nan,nan
38938,0.0,22.092949,0,0,0,0,0,nan,nan,nan,nan,nan
38939,0.0,24.290215,0,0,0,0,0,nan,nan,nan,nan,nan
38940,0.0,24.290215,0,0,0,0,0,nan,nan,nan,nan,nan
38941,0.0,22.092949,0,0,0,0,0,nan,nan,nan,nan,nan
38942,0.0,23.191582,0,0,0,0,0,nan,nan,nan,nan,nan
38943,0.0,23.191582,0,0,0,0,0,nan,nan,nan,nan,nan
38944,0.0,22.642265,0,0,0,0,0,nan,nan,nan,nan,nan
38945,0.0,24.290215,0,0,0,0,0,nan,nan,0,0,0
38946,0.0,25.388847,0,0,0,0,0,nan,nan,nan,nan,nan
38947,0.0,23.191582,0,0,0,0,0,nan,nan,nan,nan,nan
38948,0.0,22.642265,0,0,0,0,0,nan,nan,nan,nan,nan
38949,0.0,20.994316,0,0,0,0,0,nan,nan,nan,nan,nan
38950,0.0,24.290215,0,0,0,0,0,nan,nan,nan,nan,nan
38951,0.0,24.290215,0,0,0,0,0,nan,nan,nan,nan,nan
38952,0.0,23.191582,0,0,0,0,0,nan,nan,nan,nan,nan
38953,0.0,22.642265,0,0,0,0,0,nan,nan,nan,nan,nan
38954,0.0,23.191582,0,0,0,0,0,nan,nan,nan,nan,nan
38955,0.0,22.092949,0,0,0,0,0,nan,nan,nan,nan,nan
38956,0.0,24.290215,0,0,0,0,0,nan,nan,nan,nan,nan
38957,0.0,23.740898,0,0,0,0,0,nan,nan,nan,nan,nan
38958,0.0,23.191582,0,0,0,0,0,nan,nan,nan,nan,nan
38959,0.0,19.895683,0,0,0,0,0,nan,nan,nan,nan,nan
38960,0.0,22.092949,0,0,0,0,0,nan,nan,nan,nan,nan
38961,0.0,21.543633,0,0,0,0,0,nan,nan,0,0,0
38962,0.0,22.642265,0,0,0,0,0,nan,nan,nan,nan,nan
38963,0.0,22.642265,0,0,0,0,0,nan,nan,nan,nan,nan
38964,0.0,23.191582,0,0,0,0,0,nan,nan,nan,nan,nan
38965,0.0,22.092949,0,0,0,0,0,nan,nan,nan,nan,nan
38966,0.0,22.642265,0,0,0,0,0,nan,nan,nan,nan,nan
38967,0.0,24.290215,0,0,0,0,0,nan,nan,nan,nan,nan
38968,0.0,22.092949,0,0,0,0,0,nan,nan,nan,nan,nan
38969,0.0,23.191582,0,0,0,0,0,nan,nan,nan,nan,nan
38970,0.0,23.191582,0,0,0,0,0,nan,nan,nan,nan,nan
38971,0.0,23.191582,0,0,0,0,0,nan,nan,nan,nan,nan
38972,0.0,24.290215,0,0,0,0,0,nan,nan,nan,nan,nan
38973,0.0,22.092949,0,0,0,0,0,nan,nan,nan,nan,nan
38974,0.0,22.642265,0,0,0,0,0,nan,nan,nan,nan,nan
38975,0.0,23.191582,0,0,0,0,0,nan,nan,nan,nan,nan
38976,0.0,24.290215,0,0,0,0,0,nan,nan,nan,nan,nan
38977,0.0,23.740898,0,0,0,0,0,nan,nan,nan,nan,nan
38978,0.0,23.740898,0,0,0,0,0,nan,nan,0,0,0
38979,0.0,23.191582,0,0,0,0,0,nan,nan,nan,nan,nan
38980,0.0,22.642265,0,0,0,0,0,nan,nan,nan,nan,nan
38981,0.0,23.191582,0,0,0,0,0,nan,nan,nan,nan,nan
38982,0.0,23.740898,0,0,0,0,0,nan,nan,nan,nan,nan
38983,0.0,22.642265,0,0,0,0,0,nan,nan,nan,nan,nan
38984,0.0,23.191582,0,0,0,0,0,nan,nan,nan,nan,nan
38985,0.0,23.191582,0,0,0,0,0,nan,nan,nan,nan,nan
38986,0.0,23.740898,0,0,0,0,0,nan,nan,nan,nan,nan
38987,0.0,23.740898,0,0,0,0,0,nan,nan,nan,nan,nan
38988,0.0,23.191582,0,0,0,0,0,nan,nan,nan,nan,nan
38989,0.0,22.642265,0,0,0,0,0,nan,nan,nan,nan,nan
38990,0.0,22.642265,0,0,0,0,0,nan,nan,nan,nan,nan
38991,0.0,23.191582,0,0,0,0,0,nan,nan,0,0,0
38992,0.0,23.191582,0,0,0,0,0,nan,nan,nan,nan,nan
38993,0.0,20.445,0,0,0,0,0,nan,nan,nan,nan,nan
38994,0.0,23.191582,0,0,0,0,0,nan,nan,nan,nan,nan
38995,0.0,23.191582,0,0,0,0,0,nan,nan,nan,nan,nan
38996,0.0,23.740898,0,0,0,0,0,nan,nan,nan,nan,nan
38997,0.0,21.543633,0,0,0,0,0,nan,nan,nan,nan,nan
38998,0.0,23.191582,0,0,0,0,0,nan,nan,nan,nan,nan
38999,0.0,22.092949,0,0,0,0,0,nan,nan,nan,nan,nan
39000,0.0,20.445,0,0,0,0,0,nan,nan,nan,nan,nan
39001,0.0,22.092949,0,0,0,0,0,nan,nan,nan,nan,nan
39002,0.0,23.191582,0,0,0,0,0,nan,nan,nan,nan,nan
39003,0.0,23.191582,0,0,0,0,0,nan,nan,nan,nan,nan
39004,0.0,22.092949,0,0,0,0,0,nan,nan,nan,nan,nan
39005,0.0,22.642265,0,0,0,0,0,nan,nan,nan,nan,nan
39006,0.0,24.290215,0,0,0,0,0,nan,nan,nan,nan,nan
39007,0.0,22.642265,0,0,0,0,0,nan,nan,nan,nan,nan
39008,0.0,22.642265,0,0,0,0,0,nan,nan,0,0,0
39009,0.0,20.994316,0,0,0,0,0,nan,nan,nan,nan,nan
39010,0.0,23.740898,0,0,0,0,0,nan,nan,nan,nan,nan
39011,0.0,24.290215,0,0,0,0,0,nan,nan,nan,nan,nan
39012,0.0,24.290215,0,0,0,0,0,nan,nan,nan,nan,nan
39013,0.0,23.191582,0,0,0,0,0,nan,nan,nan,nan,nan
39014,0.0,23.740898,0,0,0,0,0,nan,nan,nan,nan,nan
39015,0.0,22.642265,0,0,0,0,0,nan,nan,nan,nan,nan
39016,0.0,22.092949,0,0,0,0,0,nan,nan,nan,nan,nan
39017,0.0,23.191582,0,0,0,0,0,nan,nan,nan,nan,nan
39018,0.0,23.191582,0,0,0,0,0,nan,nan,nan,nan,nan
39019,0.0,23.191582,0,0,0,0,0,nan,nan,nan,nan,nan
39020,0.0,23.191582,0,0,0,0,0,nan,nan,nan,nan,nan
39021,0.0,22.642265,0,0,0,0,0,nan,nan,nan,nan,nan
39022,0.0,25.388847,0,0,0,0,0,nan,nan,nan,nan,nan
39023,0.0,24.290215,0,0,0,0,0,nan,nan,nan,nan,nan
39024,0.0,23.191582,0,0,0,0,0,nan,nan,nan,nan,nan
39025,0.0,22.092949,0,0,0,0,0,nan,nan,0,0,0
39026,0.0,24.290215,0,0,0,0,0,nan,nan,nan,nan,nan
39027,0.0,22.642265,0,0,0,0,0,nan,nan,nan,nan,nan
39028,0.0,23.191582,0,0,0,0,0,nan,nan,nan,nan,nan
39029,0.0,22.642265,0,0,0,0,0,nan,nan,nan,nan,nan
39030,0.0,23.740898,0,0,0,0,0,nan,nan,nan,nan,nan
39031,0.0,23.191582,0,0,0,0,0,nan,nan,nan,nan,nan
39032,0.0,23.191582,0,0,0,0,0,nan,nan,nan,nan,nan
39033,0.0,23.191582,0,0,0,0,0,nan,nan,nan,nan,nan
39034,0.0,24.290215,0,0,0,0,0,nan,nan,nan,nan,nan
39035,0.0,24.290215,0,0,0,0,0,nan,nan,nan,nan,nan
39036,0.0,23.191582,0,0,0,0,0,nan,nan,nan,nan,nan
39037,0.0,22.092949,0,0,0,0,0,nan,nan,nan,nan,nan
39038,0.0,22.092949,0,0,0,0,0,nan,nan,0,0,0
39039,0.0,23.740898,0,0,0,0,0,nan,nan,nan,nan,nan
39040,0.0,24.839531,0,0,0,0,0,nan,nan,nan,nan,nan
39041,0.0,23.191582,0,0,0,0,0,nan,nan,nan,nan,nan
39042,0.0,22.642265,0,0,0,0,0,nan,nan,nan,nan,nan
39043,0.0,22.642265,0,0,0,0,0,nan,nan,nan,nan,nan
39044,0.0,23.191582,0,0,0,0,0,nan,nan,nan,nan,nan
39045,0.0,23.191582,0,0,0,0,0,nan,nan,nan,nan,nan
39046,0.0,21.543633,0,0,0,0,0,nan,nan,nan,nan,nan
39047,0.0,23.191582,0,0,0,0,0,nan,nan,nan,nan,nan
39048,0.0,24.290215,0,0,0,0,0,nan,nan,nan,nan,nan
39049,0.0,22.642265,0,0,0,0,0,nan,nan,nan,nan,nan
39050,0.0,23.740898,0,0,0,0,0,nan,nan,nan,nan,nan
39051,0.0,22.642265,0,0,0,0,0,nan,nan,nan,nan,nan
39052,0.0,22.092949,0,0,0,0,0,nan,nan,nan,nan,nan
39053,0.0,23.191582,0,0,0,0,0,nan,nan,nan,nan,nan
39054,0.0,22.092949,0,0,0,0,0,nan,nan,nan,nan,nan
39055,0.0,23.740898,0,0,0,0,0,nan,nan,0,0,0
39056,0.0,24.290215,0,0,0,0,0,nan,nan,nan,nan,nan
39057,0.0,24.290215,0,0,0,0,0,nan,nan,nan,nan,nan
39058,0.0,23.191582,0,0,0,0,0,nan,nan,nan,nan,nan
39059,0.0,22.642265,0,0,0,0,0,nan,nan,nan,nan,nan
39060,0.0,22.092949,0,0,0,0,0,nan,nan,nan,nan,nan
39061,0.0,22.642265,0,0,0,0,0,nan,nan,nan,nan,nan
39062,0.0,22.642265,0,0,0,0,0,nan,nan,nan,nan,nan
39063,0.0,22.642265,0,0,0,0,0,nan,nan,nan,nan,nan
39064,0.0,23.191582,0,0,0,0,0,nan,nan,nan,nan,nan
39065,0.0,23.191582,0,0,0,0,0,nan,nan,nan,nan,nan
39066,0.0,23.740898,0,0,0,0,0,nan,nan,nan,nan,nan
39067,0.0,24.290215,0,0,0,0,0,nan,nan,nan,nan,nan
39068,0.0,22.642265,0,0,0,0,0,nan,nan,nan,nan,nan
39069,0.0,23.191582,0,0,0,0,0,nan,nan,nan,nan,nan
39070,0.0,22.642265,0,0,0,0,0,nan,nan,nan,nan,nan
39071,0.0,22.642265,0,0,0,0,0,nan,nan,nan,nan,nan
39072,0.0,23.191582,0,0,0,0,0,nan,nan,0,0,0
39073,0.0,22.092949,0,0,0,0,0,nan,nan,nan,nan,nan
39074,0.0,24.290215,0,0,0,0,0,nan,nan,nan,nan,nan
39075,0.0,24.290215,0,0,0,0,0,nan,nan,nan,nan,nan
39076,0.0,21.543633,0,0,0,0,0,nan,nan,nan,nan,nan
39077,0.0,22.092949,0,0,0,0,0,nan,nan,nan,nan,nan
39078,0.0,23.191582,0,0,0,0,0,nan,nan,nan,nan,nan
39079,0.0,22.642265,0,0,0,0,0,nan,nan,nan,nan,nan
39080,0.0,23.740898,0,0,0,0,0,nan,nan,nan,nan,nan
39081,0.0,22.092949,0,0,0,0,0,nan,nan,nan,nan,nan
39082,0.0,23.740898,0,0,0,0,0,nan,nan,nan,nan,nan
39083,0.0,22.642265,0,0,0,0,0,nan,nan,nan,nan,nan
39084,0.0,22.092949,0,0,0,0,0,nan,nan,nan,nan,nan
39085,0.0,22.642265,0,0,0,0,0,nan,nan,nan,nan,nan
39086,0.0,23.740898,0,0,0,0,0,nan,nan,0,0,0
39087,0.0,22.642265,0,0,0,0,0,nan,nan,nan,nan,nan
39088,0.0,21.543633,0,0,0,0,0,nan,nan,nan,nan,nan
39089,0.0,22.642265,0,0,0,0,0,nan,nan,nan,nan,nan
39090,0.0,22.642265,0,0,0,0,0,nan,nan,nan,nan,nan
39091,0.0,22.092949,0,0,0,0,0,nan,nan,nan,nan,nan
39092,0.0,23.191582,0,0,0,0,0,nan,nan,nan,nan,nan
39093,0.0,23.191582,0,0,0,0,0,nan,nan,nan,nan,nan
39094,0.0,23.740898,0,0,0,0,0,nan,nan,nan,nan,nan
39095,0.0,22.642265,0,0,0,0,0,nan,nan,nan,nan,nan
39096,0.0,22.642265,0,0,0,0,0,nan,nan,nan,nan,nan
39097,0.0,23.740898,0,0,0,0,0,nan,nan,nan,nan,nan
39098,0.0,23.191582,0,0,0,0,0,nan,nan,nan,nan,nan
39099,0.0,25.388847,0,0,0,0,0,nan,nan,nan,nan,nan
39100,0.0,21.543633,0,0,0,0,0,nan,nan,nan,nan,nan
39101,0.0,22.642265,0,0,0,0,0,nan,nan,nan,nan,nan
39102,0.0,23.191582,0,0,0,0,0,nan,nan,0,0,0
39103,0.0,22.642265,0,0,0,0,0,nan,nan,nan,nan,nan
39104,0.0,24.290215,0,0,0,0,0,nan,nan,nan,nan,nan
39105,0.0,22.092949,0,0,0,0,0,nan,nan,nan,nan,nan
39106,0.0,23.740898,0,0,0,0,0,nan,nan,nan,nan,nan
39107,0.0,22.642265,0,0,0,0,0,nan,nan,nan,nan,nan
39108,0.0,22.642265,0,0,0,0,0,nan,nan,nan,nan,nan
39109,0.0,23.740898,0,0,0,0,0,nan,nan,nan,nan,nan
39110,0.0,23.191582,0,0,0,0,0,nan,nan,nan,nan,nan
39111,0.0,22.642265,0,0,0,0,0,nan,nan,nan,nan,nan
39112,0.0,23.191582,0,0,0,0,0,nan,nan,nan,nan,nan
39113,0.0,20.445,0,0,0,0,0,nan,nan,nan,nan,nan
